4
317
1260
1429
1468
1486
1507
1578
1579
1581
4
317
1260
1429
1468
1486
1507
1578
1579
1581
4
317
1260
1429
1468
1486
1507
1578
1579
1581
4
317
1260
1429
1468
1486
1507
1578
1579
1581
4
317
1260
1429
1468
1486
1507
1578
1579
1581
4
317
1260
1429
1468
1486
1507
1578
1579
1581
4
317
1260
1429
1468
1486
1507
1578
1579
1581
4
317
1260
1429
1468
1486
1507
1578
1579
1581
4
317
1260
1429
1468
1486
1507
1578
1579
1581
4
317
1260
1429
1468
1486
1507
1578
1579
1581
4
317
1260
1429
1468
1486
1507
1578
1579
1581
4
317
1260
1429
1468
1486
1507
1578
1579
1581
4
317
1260
1429
1468
1486
1507
1578
1579
1581
4
317
1260
1429
1468
1486
1507
1578
1579
1581
4
317
1260
1429
1468
1486
1507
1578
1579
1581
4
317
1260
1429
1468
1486
1507
1578
1579
1581
4
317
1260
1429
1468
1486
1507
1578
1579
1581
4
317
1260
1429
1468
1486
1507
1578
1579
1581
4
317
1260
1429
1468
1486
1507
1578
1579
1581
4
317
1260
1429
1468
1486
1507
1578
1579
1581
4
317
1260
1429
1468
1486
1507
1578
1579
1581
4
317
1260
1429
1468
1486
1507
1578
1579
1581
4
317
1260
1429
1468
1486
1507
1578
1579
1581
4
317
1260
1429
1468
1486
1507
1578
1579
1581
4
317
1260
1429
1468
1486
1507
1578
1579
1581
4
317
1260
1429
1468
1486
1507
1578
1579
1581
4
317
1260
1429
1468
1486
1507
1578
1579
1581
4
317
1260
1429
1468
1486
1507
1578
1579
1581
4
317
1260
1429
1468
1486
1507
1578
1579
1581
4
317
1260
1429
1468
1486
1507
1578
1579
1581
4
317
1260
1429
1468
1486
1507
1578
1579
1581
4
317
1260
1429
1468
1486
1507
1578
1579
1581
4
317
1260
1429
1468
1486
1507
1578
1579
1581
4
317
1260
1429
1468
1486
1507
1578
1579
1581
4
317
1260
1429
1468
1486
1507
1578
1579
1581
4
317
1260
1429
1468
1486
1507
1578
1579
1581
4
317
1260
1429
1468
1486
1507
1578
1579
1581
4
317
1260
1429
1468
1486
1507
1578
1579
1581
4
317
1260
1429
1468
1486
1507
1578
1579
1581
4
317
1260
1429
1468
1486
1507
1578
1579
1581
4
317
1260
1429
1468
1486
1507
1578
1579
1581
4
317
1260
1429
1468
1486
1507
1578
1579
1581
4
317
1260
1429
1468
1486
1507
1578
1579
1581
4
317
1260
1429
1468
1486
1507
1578
1579
1581
4
317
1260
1429
1468
1486
1507
1578
1579
1581
4
317
1260
1429
1468
1486
1507
1578
1579
1581
4
317
1260
1429
1468
1486
1507
1578
1579
1581
4
317
1260
1429
1468
1486
1507
1578
1579
1581
4
317
1260
1429
1468
1486
1507
1578
1579
1581
4
317
1260
1429
1468
1486
1507
1578
1579
1581
