21
100
51
143
145
4
134
52
171
139
37
207
51
85
4
134
96
64
188
112
65
1
37
21
51
143
4
178
64
52
104
35
127
29
183
110
146
147
2
81
15
20
191
50
186
200
197
64
115
192
195
1
110
137
203
134
176
96
112
171
65
51
203
143
4
96
121
170
187
136
37
137
203
16
4
168
117
64
52
112
53
37
70
143
204
109
101
9
170
52
37
126
100
51
70
143
4
62
204
52
107
65
202
37
51
109
96
178
204
52
1
51
203
54
143
24
178
204
52
171
108
1
51
203
39
143
4
204
170
2
65
156
17
33
21
203
134
178
52
112
1
21
137
143
186
134
200
178
170
77
144
37
1
51
203
70
80
4
64
204
21
203
199
4
134
96
166
204
171
187
108
1
51
137
143
109
178
115
5
171
111
65
158
1
21
137
203
143
62
178
87
51
114
203
70
143
109
178
204
201
107
195
8
137
155
109
163
24
9
28
107
195
137
155
109
163
24
96
9
28
107
8
137
155
109
163
24
96
9
28
8
137
155
109
163
24
96
9
73
28
8
137
155
109
82
24
96
9
73
28
8
137
155
109
163
24
96
82
9
28
107
8
137
155
109
163
24
82
9
28
107
8
137
155
82
96
24
9
73
28
195
8
133
137
59
24
96
150
9
73
195
8
133
137
24
96
150
149
9
73
195
8
133
137
24
96
150
101
9
73
195
8
133
137
59
24
96
150
149
9
195
8
133
137
24
96
150
121
9
73
195
8
137
96
24
121
150
9
73
145
195
8
133
137
24
96
121
9
73
145
195
8
137
24
96
121
103
9
73
145
20
8
137
24
96
121
103
9
73
145
21
100
51
143
145
4
134
52
171
139
37
207
51
85
4
134
96
64
188
112
65
1
37
21
51
143
4
178
64
52
104
35
127
29
183
110
146
147
2
81
15
20
191
50
186
200
197
64
115
192
195
1
110
137
203
134
176
96
112
171
65
51
203
143
4
96
121
170
187
136
37
137
203
16
4
168
117
64
52
112
53
37
70
143
204
109
101
9
170
52
37
126
100
51
70
143
4
62
204
52
107
65
202
37
51
109
96
178
204
52
1
51
203
54
143
24
178
204
52
171
108
1
51
203
39
143
4
204
170
2
