68
221
107
281
110
226
189
117
127
0
221
107
113
281
110
226
189
117
127
0
221
107
281
110
16
226
189
117
127
0
107
281
110
16
226
189
117
143
127
0
107
281
121
16
110
226
189
117
127
0
68
221
107
113
281
110
226
189
117
127
68
221
107
281
110
226
189
117
127
0
221
107
113
281
110
226
189
117
127
0
221
107
281
110
16
226
189
117
127
0
107
281
110
16
226
189
117
143
127
0
107
281
121
16
110
226
189
117
127
0
68
221
107
113
281
110
226
189
117
127
68
221
107
281
110
226
189
117
127
0
221
107
113
281
110
226
189
117
127
0
221
107
281
110
16
226
189
117
127
0
107
281
110
16
226
189
117
143
127
0
107
281
121
16
110
226
189
117
127
0
68
221
107
113
281
110
226
189
117
127
68
221
107
281
110
226
189
117
127
0
221
107
113
281
110
226
189
117
127
0
221
107
281
110
16
226
189
117
127
0
107
281
110
16
226
189
117
143
127
0
107
281
121
16
110
226
189
117
127
0
68
221
107
113
281
110
226
189
117
127
68
221
107
281
110
226
189
117
127
0
221
107
113
281
110
226
189
117
127
0
221
107
281
110
16
226
189
117
127
0
107
281
110
16
226
189
117
143
127
0
107
281
121
16
110
226
189
117
127
0
68
221
107
113
281
110
226
189
117
127
68
221
107
281
110
226
189
117
127
0
221
107
113
281
110
226
189
117
127
0
221
107
281
110
16
226
189
117
127
0
107
281
110
16
226
189
117
143
127
0
107
281
121
16
110
226
189
117
127
0
68
221
107
113
281
110
226
189
117
127
68
221
107
281
110
226
189
117
127
0
221
107
113
281
110
226
189
117
127
0
221
107
281
110
16
226
189
117
127
0
107
281
110
16
226
189
117
143
127
0
107
281
121
16
110
226
189
117
127
0
68
221
107
113
281
110
226
189
117
127
68
221
107
281
110
226
189
117
127
0
221
107
113
281
110
226
189
117
127
0
221
107
281
110
16
226
189
117
127
0
107
281
110
16
226
189
117
143
127
0
107
281
121
16
110
226
189
117
127
0
68
221
107
113
281
110
226
189
117
127
68
221
107
281
110
226
189
117
127
0
221
107
113
281
110
226
189
117
127
0
