87
183
164
101
80
130
165
189
6
3
87
183
79
164
130
165
189
6
3
9
93
87
164
101
130
165
189
6
3
9
87
183
79
164
101
130
165
189
6
3
93
87
183
164
101
130
165
189
6
3
93
87
101
50
130
165
189
6
3
9
87
183
164
101
130
165
189
6
3
9
87
183
79
164
176
130
165
189
6
3
87
183
164
176
130
165
189
6
3
9
93
87
183
164
130
165
189
6
3
9
93
87
164
176
130
165
189
6
3
9
87
147
164
176
130
165
189
6
3
9
87
147
176
164
11
165
189
6
3
9
87
183
164
101
80
130
165
189
6
3
87
183
79
164
130
165
189
6
3
9
93
87
164
101
130
165
189
6
3
9
87
183
79
164
101
130
165
189
6
3
93
87
183
164
101
130
165
189
6
3
93
87
101
50
130
165
189
6
3
9
87
183
164
101
130
165
189
6
3
9
87
183
79
164
176
130
165
189
6
3
87
183
164
176
130
165
189
6
3
9
93
87
183
164
130
165
189
6
3
9
93
87
164
176
130
165
189
6
3
9
87
147
164
176
130
165
189
6
3
9
87
147
176
164
11
165
189
6
3
9
87
183
164
101
80
130
165
189
6
3
87
183
79
164
130
165
189
6
3
9
93
87
164
101
130
165
189
6
3
9
87
183
79
164
101
130
165
189
6
3
93
87
183
164
101
130
165
189
6
3
93
87
101
50
130
165
189
6
3
9
87
183
164
101
130
165
189
6
3
9
87
183
79
164
176
130
165
189
6
3
87
183
164
176
130
165
189
6
3
9
93
87
183
164
130
165
189
6
3
9
93
87
164
176
130
165
189
6
3
9
87
147
164
176
130
165
189
6
3
9
87
147
176
164
11
165
189
6
3
9
87
183
164
101
80
130
165
189
6
3
87
183
79
164
130
165
189
6
3
9
93
87
164
101
130
165
189
6
3
9
87
183
79
164
101
130
165
189
6
3
93
87
183
164
101
130
165
189
6
3
93
87
101
50
130
165
189
6
3
9
87
183
164
101
130
165
189
6
3
9
87
183
79
164
176
130
165
189
6
3
87
183
164
176
130
165
189
6
3
9
93
87
183
164
130
165
189
6
3
9
93
87
164
176
130
165
189
6
3
9
