92
98
60
137
59
164
106
135
59
111
106
98
27
137
111
5
23
127
66
63
25
19
143
112
51
157
92
106
11
135
11
27
24
59
111
106
162
135
59
111
125
106
135
27
111
92
28
11
98
111
92
135
33
27
137
106
11
27
87
59
106
79
27
59
111
106
172
11
27
111
163
106
135
11
59
135
98
27
137
59
133
106
135
98
137
38
106
135
98
111
163
106
11
27
59
11
128
98
137
111
9
29
4
1
7
71
42
49
17
26
32
42
49
17
26
42
49
15
17
26
32
128
42
49
26
14
71
42
17
26
32
42
49
81
26
92
98
60
137
59
164
106
135
59
111
106
98
27
137
111
5
23
127
66
63
25
19
143
112
51
157
92
106
11
135
11
27
24
59
111
106
162
135
59
111
125
106
135
27
111
92
28
11
98
111
92
135
33
27
137
106
11
27
87
59
106
79
27
59
111
106
172
11
27
111
163
106
135
11
59
135
98
27
137
59
133
106
135
98
137
38
106
135
98
111
163
106
11
27
59
11
128
98
137
111
9
29
4
1
7
71
42
49
17
26
32
42
49
17
26
