97
94
112
23
24
593
743
223
25
29
97
94
112
23
126
593
104
95
25
29
97
94
112
23
126
593
104
223
25
29
97
94
112
23
24
593
104
223
25
29
97
94
112
23
593
104
743
223
25
29
97
94
112
23
126
593
104
743
25
29
97
94
112
23
593
104
743
95
25
29
97
94
112
23
126
104
743
95
25
29
97
94
112
23
24
593
743
223
25
29
97
94
112
23
126
593
104
95
25
29
97
94
112
23
126
593
104
223
25
29
97
94
112
23
24
593
104
223
25
29
97
94
112
23
593
104
743
223
25
29
97
94
112
23
126
593
104
743
25
29
97
94
112
23
593
104
743
95
25
29
97
94
112
23
126
104
743
95
25
29
97
94
112
23
24
593
743
223
25
29
97
94
112
23
126
593
104
95
25
29
97
94
112
23
126
593
104
223
25
29
97
94
112
23
24
593
104
223
25
29
97
94
112
23
593
104
743
223
25
29
97
94
112
23
126
593
104
743
25
29
97
94
112
23
593
104
743
95
25
29
97
94
112
23
126
104
743
95
25
29
97
94
112
23
24
593
743
223
25
29
97
94
112
23
126
593
104
95
25
29
97
94
112
23
126
593
104
223
25
29
97
94
112
23
24
593
104
223
25
29
97
94
112
23
593
104
743
223
25
29
97
94
112
23
126
593
104
743
25
29
97
94
112
23
593
104
743
95
25
29
97
94
112
23
126
104
743
95
25
29
97
94
112
23
24
593
743
223
25
29
97
94
112
23
126
593
104
95
25
29
97
94
112
23
126
593
104
223
25
29
97
94
112
23
24
593
104
223
25
29
97
94
112
23
593
104
743
223
25
29
97
94
112
23
126
593
104
743
25
29
97
94
112
23
593
104
743
95
25
29
97
94
112
23
126
104
743
95
25
29
97
94
112
23
24
593
743
223
25
29
97
94
112
23
126
593
104
95
25
29
97
94
112
23
126
593
104
223
25
29
97
94
112
23
24
593
104
223
25
29
97
94
112
23
593
104
743
223
25
29
97
94
112
23
126
593
104
743
25
29
97
94
112
23
593
104
743
95
25
29
97
94
112
23
126
104
743
95
25
29
97
94
112
23
24
593
743
223
25
29
97
94
112
23
126
593
104
95
25
29
