287
164
277
31
250
22
308
184
360
235
287
164
277
31
250
22
308
184
360
235
287
164
277
31
250
22
308
184
360
235
287
164
277
31
250
22
308
184
360
235
287
164
277
31
250
22
308
184
360
235
287
164
277
31
250
22
308
184
360
235
287
164
277
31
250
22
308
184
360
235
287
164
277
31
250
22
308
184
360
235
287
164
277
31
250
22
308
184
360
235
287
164
277
31
250
22
308
184
360
235
287
164
277
31
250
22
308
184
360
235
287
164
277
31
250
22
308
184
360
235
287
164
277
31
250
22
308
184
360
235
287
164
277
31
250
22
308
184
360
235
287
164
277
31
250
22
308
184
360
235
287
164
277
31
250
22
308
184
360
235
287
164
277
31
250
22
308
184
360
235
287
164
277
31
250
22
308
184
360
235
287
164
277
31
250
22
308
184
360
235
287
164
277
31
250
22
308
184
360
235
287
164
277
31
250
22
308
184
360
235
287
164
277
31
250
22
308
184
360
235
287
164
277
31
250
22
308
184
360
235
287
164
277
31
250
22
308
184
360
235
287
164
277
31
250
22
308
184
360
235
287
164
277
31
250
22
308
184
360
235
287
164
277
31
250
22
308
184
360
235
287
164
277
31
250
22
308
184
360
235
287
164
277
31
250
22
308
184
360
235
287
164
277
31
250
22
308
184
360
235
287
164
277
31
250
22
308
184
360
235
287
164
277
31
250
22
308
184
360
235
287
164
277
31
250
22
308
184
360
235
287
164
277
31
250
22
308
184
360
235
287
164
277
31
250
22
308
184
360
235
287
164
277
31
250
22
308
184
360
235
287
164
277
31
250
22
308
184
360
235
287
164
277
31
250
22
308
184
360
235
287
164
277
31
250
22
308
184
360
235
287
164
277
31
250
22
308
184
360
235
287
164
277
31
250
22
308
184
360
235
287
164
277
31
250
22
308
184
360
235
287
164
277
31
250
22
308
184
360
235
287
164
277
31
250
22
308
184
360
235
287
164
277
31
250
22
308
184
360
235
287
164
277
31
250
22
308
184
360
235
287
164
277
31
250
22
308
184
360
235
287
164
277
31
250
22
308
184
360
235
287
164
277
31
250
22
308
184
360
235
287
164
277
31
250
22
308
184
360
235
