38
118
8
0
71
307
4
238
20
264
264
38
118
212
71
0
257
307
238
239
38
118
212
71
0
307
4
239
238
264
38
118
71
0
8
307
4
239
238
264
87
264
38
118
71
0
307
257
238
239
87
264
38
118
0
307
257
238
239
165
87
264
38
118
0
103
307
257
238
239
87
264
38
118
0
103
307
257
239
165
87
264
118
0
103
307
135
257
239
165
87
47
118
0
103
307
135
257
239
165
87
118
0
103
307
135
257
366
239
165
87
38
118
0
103
307
135
257
239
165
264
38
118
71
0
103
307
257
238
239
264
38
118
71
0
307
257
238
239
165
264
38
118
0
103
307
257
238
239
165
264
38
118
71
0
103
307
257
239
165
264
38
118
71
0
257
307
4
238
239
38
118
71
0
307
4
8
20
238
239
38
118
8
0
71
307
4
238
20
264
264
38
118
212
71
0
257
307
238
239
38
118
212
71
0
307
4
239
238
264
38
118
71
0
8
307
4
239
238
264
87
264
38
118
71
0
307
257
238
239
87
264
38
118
0
307
257
238
239
165
87
264
38
118
0
103
307
257
238
239
87
264
38
118
0
103
307
257
239
165
87
264
118
0
103
307
135
257
239
165
87
47
118
0
103
307
135
257
239
165
87
118
0
103
307
135
257
366
239
165
87
38
118
0
103
307
135
257
239
165
264
38
118
71
0
103
307
257
238
239
264
38
118
71
0
307
257
238
239
165
264
38
118
0
103
307
257
238
239
165
264
38
118
71
0
103
307
257
239
165
264
38
118
71
0
257
307
4
238
239
38
118
71
0
307
4
8
20
238
239
38
118
8
0
71
307
4
238
20
264
264
38
118
212
71
0
257
307
238
239
38
118
212
71
0
307
4
239
238
264
38
118
71
0
8
307
4
239
238
264
87
264
38
118
71
0
307
257
238
239
87
264
38
118
0
307
257
238
239
165
87
264
38
118
0
103
307
257
238
239
87
264
38
118
0
103
307
257
239
165
87
264
118
0
103
307
135
257
239
165
87
47
118
0
103
307
135
257
239
165
87
118
0
103
307
135
257
366
239
165
87
38
118
0
103
307
135
257
239
165
264
38
118
71
0
103
307
257
238
239
264
38
118
71
0
307
257
238
239
165
