167
284
191
209
95
132
79
30
176
3
238
327
350
86
148
57
145
171
157
133
15
97
305
89
64
184
76
226
252
300
18
2
294
288
82
3
62
311
337
107
327
254
288
79
135
301
335
331
231
309
195
155
10
254
255
96
268
280
174
203
53
342
107
325
271
151
310
51
83
55
52
88
104
2
299
90
210
122
205
213
302
220
80
72
50
110
202
103
296
185
43
25
207
81
15
193
312
201
16
242
46
251
15
72
47
25
346
335
243
148
339
232
74
211
109
39
203
285
222
143
242
328
86
177
146
29
151
196
246
32
193
235
198
69
213
173
63
92
252
84
167
215
280
243
52
213
324
66
104
221
331
281
41
59
259
95
72
333
128
14
66
164
339
154
100
86
2
344
64
347
245
73
240
248
284
183
334
75
218
99
162
167
48
31
333
193
223
140
152
161
142
255
149
194
224
231
61
121
243
6
326
27
331
122
135
106
133
0
286
313
27
33
61
281
151
237
104
256
156
184
42
311
56
131
5
12
308
27
64
119
184
246
335
176
179
112
11
347
255
142
44
303
96
93
141
317
97
87
216
134
325
162
128
278
207
140
70
215
290
4
320
243
350
199
208
69
2
299
28
331
61
136
110
266
165
219
276
210
221
222
190
106
254
138
287
297
49
185
125
99
198
232
321
264
113
18
200
39
322
291
297
301
269
128
113
249
342
293
86
171
100
156
112
47
78
184
114
226
63
220
180
178
208
306
93
113
75
14
247
4
238
325
141
212
345
158
59
112
57
333
82
114
10
47
219
132
348
45
76
201
276
85
76
172
152
198
207
139
315
319
259
235
212
56
343
97
274
91
201
232
229
321
182
241
35
166
46
293
278
37
232
313
228
134
162
181
303
6
84
80
9
130
296
324
202
267
73
349
162
216
53
205
350
300
64
63
84
157
318
273
317
230
127
104
0
38
6
54
236
243
245
161
197
51
158
283
217
208
256
198
164
289
29
76
224
149
208
181
32
67
257
241
117
77
308
81
189
10
258
95
280
215
33
223
219
151
59
351
320
118
23
65
70
300
142
69
167
252
253
249
78
6
122
185
327
278
148
328
291
262
96
56
246
22
124
258
160
326
98
251
204
261
351
320
232
64
327
328
78
31
