102
104
101
339
103
10
100
1
335
0
102
104
101
339
103
10
100
1
335
0
102
104
101
339
103
10
100
1
335
0
102
104
101
339
103
10
100
1
335
0
102
104
101
339
103
10
100
1
335
0
102
104
101
339
103
10
100
1
335
0
102
104
101
339
103
10
100
1
335
0
102
104
101
339
103
10
100
1
335
0
102
104
101
339
103
10
100
1
335
0
102
104
101
339
103
10
100
1
335
0
102
104
101
339
103
10
100
1
335
0
102
104
101
339
103
10
100
1
335
0
102
104
101
339
103
10
100
1
335
0
102
104
101
339
103
10
100
1
335
0
102
104
101
339
103
10
100
1
335
0
102
104
101
339
103
10
100
1
335
0
102
104
101
339
103
10
100
1
335
0
102
104
101
339
103
10
100
1
335
0
102
104
101
339
103
10
100
1
335
0
102
104
101
339
103
10
100
1
335
0
102
104
101
339
103
10
100
1
335
0
102
104
101
339
103
10
100
1
335
0
102
104
101
339
103
10
100
1
335
0
102
104
101
339
103
10
100
1
335
0
102
104
101
339
103
10
100
1
335
0
102
104
101
339
103
10
100
1
335
0
102
104
101
339
103
10
100
1
335
0
102
104
101
339
103
10
100
1
335
0
102
104
101
339
103
10
100
1
335
0
102
104
101
339
103
10
100
1
335
0
102
104
101
339
103
10
100
1
335
0
102
104
101
339
103
10
100
1
335
0
102
104
101
339
103
10
100
1
335
0
102
104
101
339
103
10
100
1
335
0
102
104
101
339
103
10
100
1
335
0
102
104
101
339
103
10
100
1
335
0
102
104
101
339
103
10
100
1
335
0
102
104
101
339
103
10
100
1
335
0
102
104
101
339
103
10
100
1
335
0
102
104
101
339
103
10
100
1
335
0
102
104
101
339
103
10
100
1
335
0
102
104
101
339
103
10
100
1
335
0
102
104
101
339
103
10
100
1
335
0
102
104
101
339
103
10
100
1
335
0
102
104
101
339
103
10
100
1
335
0
102
104
101
339
103
10
100
1
335
0
102
104
101
339
103
10
100
1
335
0
102
104
101
339
103
10
100
1
335
0
102
104
101
339
103
10
100
1
335
0
102
104
101
339
103
10
100
1
335
0
