28
124
786
686
304
109
2
719
9
637
172
687
890
936
77
527
724
327
215
252
687
936
495
766
204
637
686
926
54
80
605
304
637
960
890
764
378
47
350
80
926
505
215
719
25
890
682
2
764
811
913
505
619
98
605
721
960
272
327
143
25
885
890
936
486
505
522
826
926
195
298
839
764
960
172
786
252
826
180
538
195
378
926
839
47
682
913
77
25
890
885
80
647
272
327
124
2
304
890
719
811
913
721
143
25
9
25
215
505
527
109
501
637
605
252
486
719
255
2
724
687
77
304
339
788
913
936
838
378
926
686
605
125
172
54
486
647
826
505
811
80
885
682
143
255
327
124
215
686
960
2
885
691
28
486
499
687
87
682
846
109
495
298
839
25
80
637
304
926
687
890
721
87
527
647
486
195
499
54
109
691
936
766
2
913
25
9
180
98
505
788
846
87
252
686
298
495
378
54
350
486
180
527
724
143
172
682
687
109
686
719
25
132
838
495
936
890
538
80
499
647
501
926
47
54
77
538
54
811
647
499
936
47
527
686
501
109
172
215
80
936
617
54
47
719
764
682
724
304
527
811
298
495
252
350
505
304
691
846
926
719
486
98
724
339
786
124
686
255
885
522
719
926
87
25
80
350
378
172
960
54
252
298
721
28
839
764
180
272
719
686
87
80
505
77
647
378
2
195
826
204
304
132
786
25
9
788
647
80
499
495
766
339
811
195
788
486
9
505
826
87
378
719
619
617
180
125
682
339
215
584
180
936
172
913
215
522
109
826
98
527
339
125
890
786
505
195
304
54
721
786
77
204
839
637
98
47
87
350
913
2
378
786
721
826
936
637
522
764
538
77
926
204
960
339
180
605
47
584
28
378
499
327
132
77
486
766
838
80
913
298
499
719
124
28
109
527
538
926
304
766
195
172
252
584
786
54
350
2
691
327
501
766
172
109
913
132
527
486
846
2
811
87
180
298
505
936
839
721
724
538
637
125
80
215
272
132
637
28
764
378
2
172
87
505
486
890
527
298
719
486
619
527
721
98
719
495
47
637
25
378
350
77
28
124
885
913
172
25
766
682
691
47
124
936
499
846
98
505
926
721
538
252
304
98
132
180
255
54
719
80
788
215
890
617
719
764
378
913
926
486
721
304
605
339
132
527
936
195
28
788
195
764
501
687
378
505
936
28
80
691
499
682
584
180
538
719
80
87
98
691
687
584
617
204
143
764
54
109
124
890
350
724
215
960
124
327
195
25
527
637
617
378
9
811
87
172
764
495
885
350
378
499
54
505
272
846
637
28
936
538
527
522
501
499
87
28
339
708
143
637
204
687
686
839
172
204
47
811
936
724
255
499
143
28
298
527
522
619
721
87
826
682
890
298
811
885
913
54
605
839
936
584
109
80
132
2
109
298
255
719
378
87
811
495
272
124
143
172
605
25
180
339
788
87
811
691
584
172
77
47
846
619
195
926
691
687
846
764
637
890
786
252
25
98
28
682
499
839
960
501
838
25
80
495
766
786
708
125
109
538
499
885
617
9
719
124
47
538
724
617
811
691
172
109
846
2
786
77
926
522
846
838
304
132
272
527
890
204
255
936
708
172
687
195
960
885
298
926
2
172
505
936
350
538
686
304
637
647
708
926
486
691
109
505
885
764
838
47
719
826
77
339
80
327
527
87
619
486
936
505
2
215
255
766
719
890
584
77
721
