1523
1222
1530
1224
1522
1528
1531
1529
1227
1226
1527
1188
1231
1229
1223
1533
1221
1532
1186
1187
1230
1084
1228
1526
1225
1523
1222
1530
1224
1522
1528
1531
1529
1227
1226
1527
1188
1231
1229
1223
1533
1221
1532
1186
1187
1230
1084
1228
1526
1225
1523
1222
1530
1224
1522
1528
1531
1529
1227
1226
1527
1188
1231
1229
1223
1533
1221
1532
1186
1187
1230
1084
1228
1526
1225
1523
1222
1530
1224
1522
1528
1531
1529
1227
1226
1527
1188
1231
1229
1223
1533
1221
1532
1186
1187
1230
1084
1228
1526
1225
1523
1222
1530
1224
1522
1528
1531
1529
1227
1226
1527
1188
1231
1229
1223
1533
1221
1532
1186
1187
1230
1084
1228
1526
1225
1523
1222
1530
1224
1522
1528
1531
1529
1227
1226
1527
1188
1231
1229
1223
1533
1221
1532
1186
1187
1230
1084
1228
1526
1225
1523
1222
1530
1224
1522
1528
1531
1529
1227
1226
1527
1188
1231
1229
1223
1533
1221
1532
1186
1187
1230
1084
1228
1526
1225
1523
1222
1530
1224
1522
1528
1531
1529
1227
1226
1527
1188
1231
1229
1223
1533
1221
1532
1186
1187
1230
1084
1228
1526
1225
1523
1222
1530
1224
1522
1528
1531
1529
1227
1226
1527
1188
1231
1229
1223
1533
1221
1532
1186
1187
1230
1084
1228
1526
1225
1523
1222
1530
1224
1522
1528
1531
1529
1227
1226
1527
1188
1231
1229
1223
1533
1221
1532
1186
1187
1230
1084
1228
1526
1225
1523
1222
1530
1224
1522
1528
1531
1529
1227
1226
1527
1188
1231
1229
1223
1533
1221
1532
1186
1187
1230
1084
1228
1526
1225
1523
1222
1530
1224
1522
1528
1531
1529
1227
1226
1527
1188
1231
1229
1223
1533
1221
1532
1186
1187
1230
1084
1228
1526
1225
1523
1222
1530
1224
1522
1528
1531
1529
1227
1226
1527
1188
1231
1229
1223
1533
1221
1532
1186
1187
1230
1084
1228
1526
1225
1523
1222
1530
1224
1522
1528
1531
1529
1227
1226
1527
1188
1231
1229
1223
1533
1221
1532
1186
1187
1230
1084
1228
1526
1225
1523
1222
1530
1224
1522
1528
1531
1529
1227
1226
1527
1188
1231
1229
1223
1533
1221
1532
1186
1187
1230
1084
1228
1526
1225
1523
1222
1530
1224
1522
1528
1531
1529
1227
1226
1527
1188
1231
1229
1223
1533
1221
1532
1186
1187
1230
1084
1228
1526
1225
1523
1222
1530
1224
1522
1528
1531
1529
1227
1226
1527
1188
1231
1229
1223
1533
1221
1532
1186
1187
1230
1084
1228
1526
1225
1523
1222
1530
1224
1522
1528
1531
1529
1227
1226
1527
1188
1231
1229
1223
1533
1221
1532
1186
1187
1230
1084
1228
1526
1225
1523
1222
1530
1224
1522
1528
1531
1529
1227
1226
1527
1188
1231
1229
1223
1533
1221
1532
1186
1187
1230
1084
1228
1526
1225
1523
1222
1530
1224
1522
1528
1531
1529
1227
1226
1527
1188
1231
1229
1223
1533
1221
1532
1186
1187
1230
1084
1228
1526
1225
1523
1222
1530
1224
1522
1528
1531
1529
1227
1226
1527
1188
1231
1229
1223
1533
1221
1532
1186
1187
1230
1084
1228
1526
1225
1523
1222
1530
1224
1522
1528
1531
1529
1227
1226
1527
1188
1231
1229
1223
1533
1221
1532
1186
1187
1230
1084
1228
1526
1225
1523
1222
1530
1224
1522
1528
1531
1529
1227
1226
1527
1188
1231
1229
1223
1533
1221
1532
1186
1187
1230
1084
1228
1526
1225
1523
1222
1530
1224
1522
1528
1531
1529
1227
1226
1527
1188
1231
1229
1223
1533
1221
1532
1186
1187
1230
1084
1228
1526
1225
1523
1222
1530
1224
1522
1528
1531
1529
1227
1226
1527
1188
1231
1229
1223
1533
1221
1532
1186
1187
1230
1084
1228
1526
1225
1523
1222
1530
1224
1522
1528
1531
1529
1227
1226
1527
1188
1231
1229
1223
1533
1221
1532
1186
1187
1230
1084
1228
1526
1225
1523
1222
1530
1224
1522
1528
1531
1529
1227
1226
1527
1188
1231
1229
1223
1533
1221
1532
1186
1187
1230
1084
1228
1526
1225
1523
1222
1530
1224
1522
1528
1531
1529
1227
1226
1527
1188
1231
1229
1223
1533
1221
1532
1186
1187
1230
1084
1228
1526
1225
1523
1222
1530
1224
1522
1528
1531
1529
1227
1226
1527
1188
1231
1229
1223
1533
1221
1532
1186
1187
1230
1084
1228
1526
1225
1523
1222
1530
1224
1522
1528
1531
1529
1227
1226
1527
1188
1231
1229
1223
1533
1221
1532
1186
1187
1230
1084
1228
1526
1225
1523
1222
1530
1224
1522
1528
1531
1529
1227
1226
1527
1188
1231
1229
1223
1533
1221
1532
1186
1187
1230
1084
1228
1526
1225
1523
1222
1530
1224
1522
1528
1531
1529
1227
1226
1527
1188
1231
1229
1223
1533
1221
1532
1186
1187
1230
1084
1228
1526
1225
1523
1222
1530
1224
1522
1528
1531
1529
1227
1226
1527
1188
1231
1229
1223
1533
1221
1532
1186
1187
1230
1084
1228
1526
1225
1523
1222
1530
1224
1522
1528
1531
1529
1227
1226
1527
1188
1231
1229
1223
1533
1221
1532
1186
1187
1230
1084
1228
1526
1225
1523
1222
1530
1224
1522
1528
1531
1529
1227
1226
1527
1188
1231
1229
1223
1533
1221
1532
1186
1187
1230
1084
1228
1526
1225
1523
1222
1530
1224
1522
1528
1531
1529
1227
1226
1527
1188
1231
1229
1223
1533
1221
1532
1186
1187
1230
1084
1228
1526
1225
1523
1222
1530
1224
1522
1528
1531
1529
1227
1226
1527
1188
1231
1229
1223
1533
1221
1532
1186
1187
1230
1084
1228
1526
1225
1523
1222
1530
1224
1522
1528
1531
1529
1227
1226
1527
1188
1231
1229
1223
1533
1221
1532
1186
1187
1230
1084
1228
1526
1225
1523
1222
1530
1224
1522
1528
1531
1529
1227
1226
1527
1188
1231
1229
1223
1533
1221
1532
1186
1187
1230
1084
1228
1526
1225
1523
1222
1530
1224
1522
1528
1531
1529
1227
1226
1527
1188
1231
1229
1223
1533
1221
1532
1186
1187
1230
1084
1228
1526
1225
1523
1222
1530
1224
1522
1528
1531
1529
1227
1226
1527
1188
1231
1229
1223
1533
1221
1532
1186
1187
1230
1084
1228
1526
1225
1523
1222
1530
1224
1522
1528
1531
1529
1227
1226
1527
1188
1231
1229
1223
1533
1221
1532
1186
1187
1230
1084
1228
1526
1225
1523
1222
1530
1224
1522
1528
1531
1529
1227
1226
1527
1188
1231
1229
1223
1533
1221
1532
1186
1187
1230
1084
1228
1526
1225
1523
1222
1530
1224
1522
1528
1531
1529
1227
1226
1527
1188
1231
1229
1223
1533
1221
1532
1186
1187
1230
1084
1228
1526
1225
1523
1222
1530
1224
1522
1528
1531
1529
1227
1226
1527
1188
1231
1229
1223
1533
1221
1532
1186
1187
1230
1084
1228
1526
1225
1523
1222
1530
1224
1522
1528
1531
1529
1227
1226
1527
1188
1231
1229
1223
1533
1221
1532
1186
1187
1230
1084
1228
1526
1225
1523
1222
1530
1224
1522
1528
1531
1529
1227
1226
1527
1188
1231
1229
1223
1533
1221
1532
1186
1187
1230
1084
1228
1526
1225
1523
1222
1530
1224
1522
1528
1531
1529
1227
1226
1527
1188
1231
1229
1223
1533
1221
1532
1186
1187
1230
1084
1228
1526
1225
1523
1222
1530
1224
1522
1528
1531
1529
1227
1226
1527
1188
1231
1229
1223
1533
1221
1532
1186
1187
1230
1084
1228
1526
1225
1523
1222
1530
1224
1522
1528
1531
1529
1227
1226
1527
1188
1231
1229
1223
1533
1221
1532
1186
1187
1230
1084
1228
1526
1225
