7941
5764
9598
8604
1950
4433
7942
6525
3543
3694
5426
7943
4473
3695
6522
9386
6524
9385
4429
6518
7235
6516
4423
6520
3849
6013
6415
4431
6005
6521
8603
6523
5394
6085
6526
6415
1950
8604
6521
3804
6987
6523
9383
3543
6526
7940
7941
3694
6518
6522
4429
6013
6005
9598
9757
5764
6524
5394
4432
9386
5426
8603
6520
7942
6516
4433
4423
6085
3695
3849
9598
6415
5426
6516
7941
6520
8603
6013
7943
4423
9384
6085
4432
6525
4433
6526
6987
7235
6005
8119
4473
7236
6518
3695
3849
5394
3694
6522
4429
6521
3543
7942
5764
4431
9385
9384
6520
9383
6987
6518
3849
4433
9598
6521
9385
3543
4432
6524
8603
8604
1950
6005
5394
5426
7236
6516
6013
4473
7941
6415
7235
6522
6523
9386
4423
9757
4429
7942
3695
3694
8119
3804
4473
1950
6525
3849
6085
6415
4423
3695
6523
5764
6013
7942
4431
6522
6524
6526
9598
7940
7943
8604
3543
4429
6521
7941
7235
6516
9383
6520
3694
5426
9385
4433
4432
9385
6523
6085
4433
6525
9383
3695
5394
7943
4429
9386
4423
7940
7942
7236
1950
7235
6516
6987
3849
3804
8603
9384
6518
8119
6522
8604
6415
5426
6524
6526
4473
3543
6013
6521
9386
7236
6520
6518
6516
3695
9757
5764
4429
4432
8603
6526
6523
6522
7942
4473
9384
6005
5394
4431
7235
6013
1950
3804
9385
6415
7940
9598
3694
8119
5426
6524
7943
4433
9383
4473
9385
5764
6522
7236
3804
8603
6518
5394
1950
3695
8119
6520
4432
8604
7942
6516
7940
3543
6523
9598
9383
3694
6524
3849
6526
9384
9386
4431
7943
7941
5426
6987
4433
6005
5764
9383
1950
6524
3849
6987
7236
7940
4432
3695
4431
3804
9384
6005
5394
6526
8604
9598
6516
6520
6085
6518
4423
9385
9757
6525
6013
7235
4429
6522
7941
6523
6521
5426
6415
9386
7236
7235
4429
4433
6521
7942
7941
3694
3804
6523
6524
6415
6085
5394
6516
3543
9598
9757
8119
6005
9384
9383
4423
5764
6987
3695
4432
1950
3849
8604
6526
9385
7940
6522
6013
8603
6415
5764
5426
4423
6521
3543
7235
8604
4429
6525
7943
3849
6005
5394
9384
4432
3804
7941
3695
7236
9757
4433
4431
4473
1950
3694
6526
6085
6987
7940
8119
9386
7942
4433
3695
9383
4473
7236
6005
6521
7942
6525
8604
9386
9757
6013
6520
7235
4431
6518
6526
8603
6523
3804
9385
1950
4423
5764
5426
7940
9598
6516
9384
6524
3543
6085
6987
6415
6521
6526
5394
7236
1950
7943
6415
7941
5764
9384
4423
4431
7940
6085
9385
5426
3695
3694
6987
7235
7942
9757
6516
4429
6013
8119
6520
6005
8603
6518
4432
6522
9386
4473
3804
6520
6524
3543
3694
7236
9383
8119
7235
3804
9384
9757
6518
4423
7943
6987
6525
4432
9598
5426
9386
8604
4431
3695
8603
6085
7941
5764
5394
7940
6005
6521
9385
6523
3849
6415
7236
6987
3849
6526
6013
6525
6085
4429
3804
5394
9757
6522
1950
6521
9384
6415
3543
6524
5426
7235
7942
3695
6523
6005
4423
9383
4433
8119
4431
6518
8604
6516
6520
7941
4432
1950
5764
7940
9384
4433
7943
9385
5394
3804
6521
3694
3695
8119
6085
6524
7235
6987
4429
8604
7942
6415
3543
4473
4431
6518
9598
6523
5426
6522
9757
6013
6005
6516
6525
7236
3804
9598
6013
4429
7942
3694
8119
6526
6525
9383
6521
7236
6522
5764
6524
6415
4433
1950
7943
7235
4473
8603
8604
6987
9386
3695
6523
5394
4431
7940
9384
9385
7941
6518
3543
5764
6522
7943
6516
4433
8604
3804
3694
3849
9386
9598
5394
6987
6085
4431
6005
6013
9384
6524
6523
7941
6525
9383
7940
6526
4429
6521
4473
7236
7942
6520
9757
3695
3543
6415
6525
6987
6523
4429
3543
6005
8604
7940
9385
4473
5764
7942
6521
5394
6518
7941
3695
8119
8603
4432
3804
9383
6524
6516
6526
9757
5426
4423
7235
9386
6085
3849
3694
9598
4431
3543
6526
7236
6525
5394
4431
6520
7942
7940
7943
3804
6518
4423
9757
3695
4432
6085
9385
4429
6522
4473
6523
3849
6415
8604
4433
8119
3694
7235
6005
6013
1950
6524
5764
9384
4432
9598
9386
5764
6524
6522
9384
6085
7943
6520
3543
3804
4433
6525
6415
6526
9757
5426
9383
6005
4473
6518
6013
4429
6987
7236
6521
3695
9385
6523
7940
8119
7941
4423
8603
6523
7940
6987
6520
9385
7235
5426
7943
4429
5764
6524
7942
4473
4423
9384
3695
4431
9598
3849
6525
6522
5394
7941
6516
7236
1950
6521
3543
6005
4433
9383
8603
9386
3694
3804
6521
4423
4431
3694
9757
7236
9386
5764
8604
3695
7943
9384
6005
8603
6523
8119
6987
1950
4432
3543
4433
9383
4429
5426
6522
9385
9598
6085
6526
6516
4473
6518
3804
7942
6520
5426
4431
3543
5394
6518
6523
9386
6524
8603
4423
1950
4473
3804
6085
6522
6521
4429
9598
6525
4432
7941
7236
6520
7940
6013
7943
9383
6415
9384
3694
9385
8604
6987
8119
6005
6524
6520
6521
9386
6085
9384
7941
3695
4431
7942
6516
4429
4433
8603
8604
6526
6415
5764
9598
7940
6013
6005
6987
9385
3849
8119
7943
3543
5394
3694
6522
6518
6523
9383
5426
6526
6518
6524
4433
9598
3543
3804
7943
9383
7236
8603
7235
7940
3694
6522
8604
6013
6085
5764
4429
6987
9386
4423
6521
6525
4432
3695
9757
6520
5426
6523
4431
6415
9385
6005
6525
4432
6518
8604
3804
5426
7941
7940
4423
9757
1950
6516
8603
6523
6013
9384
9383
5764
7943
7236
7942
9386
3849
3694
4431
6524
6526
7235
3695
8119
5394
6521
4429
9598
6520
3694
7941
3804
6516
9385
7943
4433
5764
6987
8603
6524
3543
6525
3849
4431
6522
6085
8604
9757
6526
6523
7236
5394
6520
4473
6518
4423
4432
9384
3695
8119
6005
9598
9383
4429
3543
7943
7940
1950
3694
4432
6524
7941
7235
9385
7236
6987
9386
6085
3849
6516
5394
3804
3695
9757
6518
5426
7942
6522
9384
6521
6523
5764
8603
4433
4431
6520
9383
9598
8119
3695
4433
3849
6526
5764
9386
8603
6516
7943
7940
7235
6415
4432
9757
7942
8119
6518
5394
3543
6520
6522
6987
1950
4429
6005
6013
4431
6525
6085
3694
8604
7941
4473
9383
5426
8603
5426
4431
6525
4473
7943
9598
9383
7940
6523
9757
9386
6013
6524
7941
7235
7236
5764
9385
6415
3695
3804
6516
3849
6520
3694
4429
6522
8604
9384
6521
7942
6518
4423
3543
4431
7941
4473
7235
9383
6085
3543
9598
6522
8604
4423
6415
8603
7236
6013
3804
6526
6005
8119
7942
9385
6987
4429
6516
3695
7943
9386
6518
5764
6524
5394
6523
9757
3694
4432
6524
3695
9384
5764
7943
5426
4423
9757
7942
6523
7940
9385
6013
3694
3849
3543
4429
9598
6005
6987
4433
9386
4473
4431
9383
6518
7236
5394
6525
7941
6516
4432
6521
3804
6520
5394
4423
9383
6526
7941
9598
6013
6085
4432
8119
4473
5426
6520
7940
3804
6005
3543
3694
6525
6518
5764
4431
7236
6521
1950
6524
6516
4429
9757
9384
4433
3695
6415
3849
8603
7940
7235
8603
6415
9757
6085
6521
7942
9385
6522
5764
7943
9384
4431
4432
6524
6005
9598
9386
3804
4433
6523
8604
6526
3543
6013
7236
5426
6987
9383
5394
3695
4429
3694
3849
4432
5764
3849
6518
1950
9383
6525
6526
8604
9757
5426
4429
7942
7941
4473
7235
7236
6085
6521
9386
7940
6523
9598
6520
3804
3543
6516
6005
3695
4423
6987
8119
6415
8603
9385
5764
4433
6013
3804
9384
7943
6987
5394
6415
4423
9598
7235
4432
6524
8603
7236
5426
6523
3695
7940
4473
4429
8119
6516
6520
3849
6005
4431
7941
8604
9385
6525
3543
6521
6085
6521
3695
4429
9383
7942
6524
7940
9757
6522
6516
3804
9598
9386
1950
6085
4433
4432
9384
7941
4431
8604
6526
6987
7943
7235
3543
6520
8603
4423
6013
5394
5426
6415
6523
8119
7942
7235
7236
4423
9385
4431
9598
3695
5394
9757
3804
3849
8604
7940
1950
4433
8119
6521
3694
4429
7941
5426
6523
6520
6085
6013
4432
6518
4473
9383
6522
6525
6526
3543
6415
9598
4429
6005
9383
7941
5426
9386
8604
3849
7942
3543
6415
4431
4473
4432
9385
6523
6520
7943
6524
8603
6525
7940
5764
9757
6521
6522
3804
7236
5394
1950
3695
8119
9384
6518
6518
7943
9386
3543
6005
6415
9383
4473
3694
7236
6525
7940
6085
4433
6526
4432
4431
3804
8119
6524
9598
4429
6523
1950
7942
4423
6522
6520
7235
8603
9385
8604
5394
6013
9384
3695
6525
7942
7943
4433
9383
6523
3849
3694
1950
6516
7940
7236
4473
6522
6005
6987
6415
9385
6520
8604
7235
6521
4423
9384
3804
6518
5764
6524
3543
8603
5394
4429
4431
6013
3695
6013
4432
5394
6524
3849
9757
7943
6522
4433
6085
8604
8119
9384
6526
6005
6525
8603
7940
5426
6415
4423
3804
9598
6987
7235
7941
4431
9386
5764
7236
3543
6516
6518
7942
8603
3694
4433
9757
5426
6526
6518
6520
6987
8604
7236
6521
9598
1950
6005
6525
6085
4429
7235
7943
9385
3804
9386
4431
4473
6524
4423
6415
6013
7940
3695
5394
8119
5764
7942
5764
4433
6523
3849
4432
6518
3804
6520
7236
8119
7235
6526
6987
6085
9598
4429
6516
7942
6524
3695
7941
6522
4431
3694
8604
6415
7943
9384
8603
6521
9385
6525
7940
4423
6013
4429
6987
7943
6525
8604
9385
6518
9384
6085
4433
6516
6524
3804
3849
6005
6522
6520
4432
6526
9386
7940
3694
4431
1950
4473
9598
7942
3695
9757
5764
7941
6521
6013
5394
3543
6525
6013
9385
3804
9384
7940
6516
7941
6085
6415
3543
6526
5394
7236
9598
7235
7943
3695
8604
4432
3694
6524
6518
4433
6005
5764
4473
3849
6522
4423
6521
1950
8603
9386
5426
4431
9385
9386
9384
9598
6522
8604
3804
5394
7943
7940
4433
6524
4473
7236
3694
6523
4423
7942
5426
4432
7941
3543
6526
6525
6085
6415
3695
9383
4429
3849
6518
6013
6987
6521
4432
7236
6522
6521
5426
6525
7940
7941
4423
9385
8604
3694
9757
6987
4431
6524
3849
3804
3543
7942
5764
9384
7235
6005
3695
6523
9598
6415
9386
8603
4473
6516
5394
7943
6520
6518
5764
7943
9383
7941
3804
8119
4473
6523
4429
4423
3849
6526
9757
7940
7942
6524
6013
7235
6987
8603
5426
6516
6520
6415
9384
8604
3694
6525
9385
9386
4433
6521
7236
6522
