220
63
20
167
18
220
63
20
167
18
220
63
20
167
18
220
63
20
167
18
220
63
20
167
18
220
63
20
167
18
220
63
20
167
18
220
63
20
167
18
220
63
20
167
18
220
63
20
167
18
220
63
20
167
18
220
63
20
167
18
220
63
20
167
18
220
63
20
167
18
220
63
20
167
18
220
63
20
167
18
220
63
20
167
18
220
63
20
167
18
220
63
20
167
18
220
63
20
167
18
220
63
20
167
18
220
63
20
167
18
220
63
20
167
18
220
63
20
167
18
220
63
20
167
18
220
63
20
167
18
220
63
20
167
18
220
63
20
167
18
220
63
20
167
18
220
63
20
167
18
220
63
20
167
18
220
63
20
167
18
220
63
20
167
18
220
63
20
167
18
220
63
20
167
18
220
63
20
167
18
220
63
20
167
18
220
63
20
167
18
220
63
20
167
18
220
63
20
167
18
220
63
20
167
18
220
63
20
167
18
220
63
20
167
18
220
63
20
167
18
220
63
20
167
18
220
63
20
167
18
220
63
20
167
18
220
63
20
167
18
220
63
20
167
18
220
63
20
167
18
