94
51
3
5
65
3
104
5
110
65
94
3
5
110
65
94
3
104
5
65
3
5
110
65
4
3
5
110
65
16
107
3
5
110
65
6
3
5
110
65
94
3
110
65
16
10
3
110
65
16
3
92
110
65
16
94
3
92
110
16
10
3
92
110
16
94
51
3
5
65
3
104
5
110
65
94
3
5
110
65
94
3
104
5
65
3
5
110
65
4
3
5
110
65
16
107
3
5
110
65
6
3
5
110
65
94
3
110
65
16
10
3
110
65
16
3
92
110
65
16
94
3
92
110
16
10
3
92
110
16
94
51
3
5
65
3
104
5
110
65
94
3
5
110
65
94
3
104
5
65
3
5
110
65
4
3
5
110
65
16
107
3
5
110
65
6
3
5
110
65
94
3
110
65
16
10
3
110
65
16
3
92
110
65
16
94
3
92
110
16
10
3
92
110
16
94
51
3
5
65
3
104
5
110
65
94
3
5
110
65
94
3
104
5
65
3
5
110
65
4
3
5
110
65
16
107
3
5
110
65
6
3
5
110
65
94
3
110
65
16
10
3
110
65
16
3
92
110
65
16
