40
1
133
58
2
59
216
11
93
6
40
1
133
58
2
59
216
11
93
6
40
1
133
58
2
59
216
11
93
6
40
1
133
58
2
59
216
11
93
6
40
1
133
58
2
59
216
11
93
6
40
1
133
58
2
59
216
11
93
6
40
1
133
58
2
59
216
11
93
6
40
1
133
58
2
59
216
11
93
6
40
1
133
58
2
59
216
11
93
6
40
1
133
58
2
59
216
11
93
6
40
1
133
58
2
59
216
11
93
6
40
1
133
58
2
59
216
11
93
6
40
1
133
58
2
59
216
11
93
6
40
1
133
58
2
59
216
11
93
6
40
1
133
58
2
59
216
11
93
6
40
1
133
58
2
59
216
11
93
6
40
1
133
58
2
59
216
11
93
6
40
1
133
58
2
59
216
11
93
6
40
1
133
58
2
59
216
11
93
6
40
1
133
58
2
59
216
11
93
6
40
1
133
58
2
59
216
11
93
6
40
1
133
58
2
59
216
11
93
6
40
1
133
58
2
59
216
11
93
6
40
1
133
58
2
59
216
11
93
6
40
1
133
58
2
59
216
11
93
6
40
1
133
58
2
59
216
11
93
6
40
1
133
58
2
59
216
11
93
6
40
1
133
58
2
59
216
11
93
6
40
1
133
58
2
59
216
11
93
6
40
1
133
58
2
59
216
11
93
6
40
1
133
58
2
59
216
11
93
6
40
1
133
58
2
59
216
11
93
6
40
1
133
58
2
59
216
11
93
6
40
1
133
58
2
59
216
11
93
6
40
1
133
58
2
59
216
11
93
6
40
1
133
58
2
59
216
11
93
6
40
1
133
58
2
59
216
11
93
6
40
1
133
58
2
59
216
11
93
6
40
1
133
58
2
59
216
11
93
6
40
1
133
58
2
59
216
11
93
6
40
1
133
58
2
59
216
11
93
6
40
1
133
58
2
59
216
11
93
6
40
1
133
58
2
59
216
11
93
6
40
1
133
58
2
59
216
11
93
6
40
1
133
58
2
59
216
11
93
6
40
1
133
58
2
59
216
11
93
6
40
1
133
58
2
59
216
11
93
6
40
1
133
58
2
59
216
11
93
6
40
1
133
58
2
59
216
11
93
6
40
1
133
58
2
59
216
11
93
6
