194
249
151
123
189
148
223
309
204
219
194
249
151
123
189
148
223
309
204
219
194
249
151
123
189
148
223
309
204
219
194
249
151
123
189
148
223
309
204
219
194
249
151
123
189
148
223
309
204
219
194
249
151
123
189
148
223
309
204
219
194
249
151
123
189
148
223
309
204
219
194
249
151
123
189
148
223
309
204
219
194
249
151
123
189
148
223
309
204
219
194
249
151
123
189
148
223
309
204
219
194
249
151
123
189
148
223
309
204
219
194
249
151
123
189
148
223
309
204
219
194
249
151
123
189
148
223
309
204
219
194
249
151
123
189
148
223
309
204
219
194
249
151
123
189
148
223
309
204
219
194
249
151
123
189
148
223
309
204
219
194
249
151
123
189
148
223
309
204
219
194
249
151
123
189
148
223
309
204
219
194
249
151
123
189
148
223
309
204
219
194
249
151
123
189
148
223
309
204
219
194
249
151
123
189
148
223
309
204
219
194
249
151
123
189
148
223
309
204
219
194
249
151
123
189
148
223
309
204
219
194
249
151
123
189
148
223
309
204
219
194
249
151
123
189
148
223
309
204
219
194
249
151
123
189
148
223
309
204
219
194
249
151
123
189
148
223
309
204
219
194
249
151
123
189
148
223
309
204
219
194
249
151
123
189
148
223
309
204
219
194
249
151
123
189
148
223
309
204
219
194
249
151
123
189
148
223
309
204
219
194
249
151
123
189
148
223
309
204
219
194
249
151
123
189
148
223
309
204
219
194
249
151
123
189
148
223
309
204
219
194
249
151
123
189
148
223
309
204
219
194
249
151
123
189
148
223
309
204
219
194
249
151
123
189
148
223
309
204
219
194
249
151
123
189
148
223
309
204
219
194
249
151
123
189
148
223
309
204
219
194
249
151
123
189
148
223
309
204
219
194
249
151
123
189
148
223
309
204
219
194
249
151
123
189
148
223
309
204
219
194
249
151
123
189
148
223
309
204
219
194
249
151
123
189
148
223
309
204
219
194
249
151
123
189
148
223
309
204
219
194
249
151
123
189
148
223
309
204
219
194
249
151
123
189
148
223
309
204
219
194
249
151
123
189
148
223
309
204
219
194
249
151
123
189
148
223
309
204
219
194
249
151
123
189
148
223
309
204
219
