188
383
610
779
103
135
730
230
128
527
188
383
610
779
103
135
730
230
128
527
188
383
610
779
103
135
730
230
128
527
188
383
610
779
103
135
730
230
128
527
188
383
610
779
103
135
730
230
128
527
188
383
610
779
103
135
730
230
128
527
188
383
610
779
103
135
730
230
128
527
188
383
610
779
103
135
730
230
128
527
188
383
610
779
103
135
730
230
128
527
188
383
610
779
103
135
730
230
128
527
188
383
610
779
103
135
730
230
128
527
188
383
610
779
103
135
730
230
128
527
188
383
610
779
103
135
730
230
128
527
188
383
610
779
103
135
730
230
128
527
188
383
610
779
103
135
730
230
128
527
188
383
610
779
103
135
730
230
128
527
188
383
610
779
103
135
730
230
128
527
188
383
610
779
103
135
730
230
128
527
188
383
610
779
103
135
730
230
128
527
188
383
610
779
103
135
730
230
128
527
188
383
610
779
103
135
730
230
128
527
188
383
610
779
103
135
730
230
128
527
188
383
610
779
103
135
730
230
128
527
188
383
610
779
103
135
730
230
128
527
188
383
610
779
103
135
730
230
128
527
188
383
610
779
103
135
730
230
128
527
188
383
610
779
103
135
730
230
128
527
188
383
610
779
103
135
730
230
128
527
188
383
610
779
103
135
730
230
128
527
188
383
610
779
103
135
730
230
128
527
188
383
610
779
103
135
730
230
128
527
188
383
610
779
103
135
730
230
128
527
188
383
610
779
103
135
730
230
128
527
188
383
610
779
103
135
730
230
128
527
188
383
610
779
103
135
730
230
128
527
188
383
610
779
103
135
730
230
128
527
188
383
610
779
103
135
730
230
128
527
188
383
610
779
103
135
730
230
128
527
188
383
610
779
103
135
730
230
128
527
188
383
610
779
103
135
730
230
128
527
188
383
610
779
103
135
730
230
128
527
188
383
610
779
103
135
730
230
128
527
188
383
610
779
103
135
730
230
128
527
188
383
610
779
103
135
730
230
128
527
188
383
610
779
103
135
730
230
128
527
188
383
610
779
103
135
730
230
128
527
188
383
610
779
103
135
730
230
128
527
188
383
610
779
103
135
730
230
128
527
188
383
610
779
103
135
730
230
128
527
188
383
610
779
103
135
730
230
128
527
