149
374
119
279
302
611
59
28
710
17
149
374
119
279
302
611
59
28
710
17
149
374
119
279
302
611
59
28
710
17
149
374
119
279
302
611
59
28
710
17
149
374
119
279
302
611
59
28
710
17
149
374
119
279
302
611
59
28
710
17
149
374
119
279
302
611
59
28
710
17
149
374
119
279
302
611
59
28
710
17
149
374
119
279
302
611
59
28
710
17
149
374
119
279
302
611
59
28
710
17
149
374
119
279
302
611
59
28
710
17
149
374
119
279
302
611
59
28
710
17
149
374
119
279
302
611
59
28
710
17
149
374
119
279
302
611
59
28
710
17
149
374
119
279
302
611
59
28
710
17
149
374
119
279
302
611
59
28
710
17
149
374
119
279
302
611
59
28
710
17
149
374
119
279
302
611
59
28
710
17
149
374
119
279
302
611
59
28
710
17
149
374
119
279
302
611
59
28
710
17
149
374
119
279
302
611
59
28
710
17
149
374
119
279
302
611
59
28
710
17
149
374
119
279
302
611
59
28
710
17
149
374
119
279
302
611
59
28
710
17
149
374
119
279
302
611
59
28
710
17
149
374
119
279
302
611
59
28
710
17
149
374
119
279
302
611
59
28
710
17
149
374
119
279
302
611
59
28
710
17
149
374
119
279
302
611
59
28
710
17
149
374
119
279
302
611
59
28
710
17
149
374
119
279
302
611
59
28
710
17
149
374
119
279
302
611
59
28
710
17
149
374
119
279
302
611
59
28
710
17
149
374
119
279
302
611
59
28
710
17
149
374
119
279
302
611
59
28
710
17
149
374
119
279
302
611
59
28
710
17
149
374
119
279
302
611
59
28
710
17
149
374
119
279
302
611
59
28
710
17
149
374
119
279
302
611
59
28
710
17
149
374
119
279
302
611
59
28
710
17
149
374
119
279
302
611
59
28
710
17
149
374
119
279
302
611
59
28
710
17
149
374
119
279
302
611
59
28
710
17
149
374
119
279
302
611
59
28
710
17
149
374
119
279
302
611
59
28
710
17
149
374
119
279
302
611
59
28
710
17
149
374
119
279
302
611
59
28
710
17
149
374
119
279
302
611
59
28
710
17
149
374
119
279
302
611
59
28
710
17
149
374
119
279
302
611
59
28
710
17
