130
95
73
152
113
200
3
149
282
124
235
171
181
94
231
130
95
73
152
113
200
3
149
282
124
235
171
181
94
231
130
95
73
152
113
200
3
149
282
124
235
171
181
94
231
130
95
73
152
113
200
3
149
282
124
235
171
181
94
231
130
95
73
152
113
200
3
149
282
124
235
171
181
94
231
130
95
73
152
113
200
3
149
282
124
235
171
181
94
231
130
95
73
152
113
200
3
149
282
124
235
171
181
94
231
130
95
73
152
113
200
3
149
282
124
235
171
181
94
231
130
95
73
152
113
200
3
149
282
124
235
171
181
94
231
130
95
73
152
113
200
3
149
282
124
235
171
181
94
231
130
95
73
152
113
200
3
149
282
124
235
171
181
94
231
130
95
73
152
113
200
3
149
282
124
235
171
181
94
231
130
95
73
152
113
200
3
149
282
124
235
171
181
94
231
130
95
73
152
113
200
3
149
282
124
235
171
181
94
231
130
95
73
152
113
200
3
149
282
124
235
171
181
94
231
130
95
73
152
113
200
3
149
282
124
235
171
181
94
231
130
95
73
152
113
200
3
149
282
124
235
171
181
94
231
130
95
73
152
113
200
3
149
282
124
235
171
181
94
231
130
95
73
152
113
200
3
149
282
124
235
171
181
94
231
130
95
73
152
113
200
3
149
282
124
235
171
181
94
231
130
95
73
152
113
200
3
149
282
124
235
171
181
94
231
130
95
73
152
113
200
3
149
282
124
235
171
181
94
231
130
95
73
152
113
200
3
149
282
124
235
171
181
94
231
130
95
73
152
113
200
3
149
282
124
235
171
181
94
231
130
95
73
152
113
200
3
149
282
124
235
171
181
94
231
130
95
73
152
113
200
3
149
282
124
235
171
181
94
231
130
95
73
152
113
200
3
149
282
124
235
171
181
94
231
130
95
73
152
113
200
3
149
282
124
235
171
181
94
231
130
95
73
152
113
200
3
149
282
124
235
171
181
94
231
130
95
73
152
113
200
3
149
282
124
235
171
181
94
231
130
95
73
152
113
200
3
149
282
124
235
171
181
94
231
130
95
73
152
113
200
3
149
282
124
235
171
181
94
231
130
95
73
152
113
200
3
149
282
124
235
171
181
94
231
130
95
73
152
113
200
3
149
282
124
235
171
181
94
231
130
95
73
152
113
200
3
149
282
124
235
171
181
94
231
130
95
73
152
113
200
3
149
282
124
235
171
181
94
231
130
95
73
152
113
200
3
149
282
124
235
171
181
94
231
130
95
73
152
113
200
3
149
282
124
235
171
181
94
231
130
95
73
152
113
200
3
149
282
124
235
171
181
94
231
130
95
73
152
113
200
3
149
282
124
235
171
181
94
231
130
95
73
152
113
200
3
149
282
124
235
171
181
94
231
130
95
73
152
113
200
3
149
282
124
235
171
181
94
231
130
95
73
152
113
200
3
149
282
124
235
171
181
94
231
130
95
73
152
113
200
3
149
282
124
235
171
181
94
231
130
95
73
152
113
200
3
149
282
124
235
171
181
94
231
130
95
73
152
113
200
3
149
282
124
235
171
181
94
231
130
95
73
152
113
200
3
149
282
124
235
171
181
94
231
130
95
73
152
113
200
3
149
282
124
235
171
181
94
231
130
95
73
152
113
200
3
149
282
124
235
171
181
94
231
130
95
73
152
113
200
3
149
282
124
235
171
181
94
231
