838
775
156
212
371
122
124
109
441
0
38
97
931
447
53
838
775
156
212
371
122
124
109
441
0
38
97
931
447
53
838
775
156
212
371
122
124
109
441
0
38
97
931
447
53
838
775
156
212
371
122
124
109
441
0
38
97
931
447
53
838
775
156
212
371
122
124
109
441
0
38
97
931
447
53
838
775
156
212
371
122
124
109
441
0
38
97
931
447
53
838
775
156
212
371
122
124
109
441
0
38
97
931
447
53
838
775
156
212
371
122
124
109
441
0
38
97
931
447
53
838
775
156
212
371
122
124
109
441
0
38
97
931
447
53
838
775
156
212
371
122
124
109
441
0
38
97
931
447
53
838
775
156
212
371
122
124
109
441
0
38
97
931
447
53
838
775
156
212
371
122
124
109
441
0
38
97
931
447
53
838
775
156
212
371
122
124
109
441
0
38
97
931
447
53
838
775
156
212
371
122
124
109
441
0
38
97
931
447
53
838
775
156
212
371
122
124
109
441
0
38
97
931
447
53
838
775
156
212
371
122
124
109
441
0
38
97
931
447
53
838
775
156
212
371
122
124
109
441
0
38
97
931
447
53
838
775
156
212
371
122
124
109
441
0
38
97
931
447
53
838
775
156
212
371
122
124
109
441
0
38
97
931
447
53
838
775
156
212
371
122
124
109
441
0
38
97
931
447
53
838
775
156
212
371
122
124
109
441
0
38
97
931
447
53
838
775
156
212
371
122
124
109
441
0
38
97
931
447
53
838
775
156
212
371
122
124
109
441
0
38
97
931
447
53
838
775
156
212
371
122
124
109
441
0
38
97
931
447
53
838
775
156
212
371
122
124
109
441
0
38
97
931
447
53
838
775
156
212
371
122
124
109
441
0
38
97
931
447
53
838
775
156
212
371
122
124
109
441
0
38
97
931
447
53
838
775
156
212
371
122
124
109
441
0
38
97
931
447
53
838
775
156
212
371
122
124
109
441
0
38
97
931
447
53
838
775
156
212
371
122
124
109
441
0
38
97
931
447
53
838
775
156
212
371
122
124
109
441
0
38
97
931
447
53
838
775
156
212
371
122
124
109
441
0
38
97
931
447
53
838
775
156
212
371
122
124
109
441
0
38
97
931
447
53
838
775
156
212
371
122
124
109
441
0
38
97
931
447
53
838
775
156
212
371
122
124
109
441
0
38
97
931
447
53
838
775
156
212
371
122
124
109
441
0
38
97
931
447
53
838
775
156
212
371
122
124
109
441
0
38
97
931
447
53
838
775
156
212
371
122
124
109
441
0
38
97
931
447
53
838
775
156
212
371
122
124
109
441
0
38
97
931
447
53
838
775
156
212
371
122
124
109
441
0
38
97
931
447
53
838
775
156
212
371
122
124
109
441
0
38
97
931
447
53
838
775
156
212
371
122
124
109
441
0
38
97
931
447
53
838
775
156
212
371
122
124
109
441
0
38
97
931
447
53
838
775
156
212
371
122
124
109
441
0
38
97
931
447
53
838
775
156
212
371
122
124
109
441
0
38
97
931
447
53
838
775
156
212
371
122
124
109
441
0
38
97
931
447
53
838
775
156
212
371
122
124
109
441
0
38
97
931
447
53
838
775
156
212
371
122
124
109
441
0
38
97
931
447
53
838
775
156
212
371
122
124
109
441
0
38
97
931
447
53
838
775
156
212
371
122
124
109
441
0
38
97
931
447
53
