11
24
15
22
1
8
7
5
38
2
11
24
15
22
1
8
7
5
38
2
11
24
15
22
1
8
7
5
38
2
11
24
15
22
1
8
7
5
38
2
11
24
15
22
1
8
7
5
38
2
11
24
15
22
1
8
7
5
38
2
11
24
15
22
1
8
7
5
38
2
11
24
15
22
1
8
7
5
38
2
11
24
15
22
1
8
7
5
38
2
11
24
15
22
1
8
7
5
38
2
11
24
15
22
1
8
7
5
38
2
11
24
15
22
1
8
7
5
38
2
11
24
15
22
1
8
7
5
38
2
11
24
15
22
1
8
7
5
38
2
11
24
15
22
1
8
7
5
38
2
11
24
15
22
1
8
7
5
38
2
11
24
15
22
1
8
7
5
38
2
11
24
15
22
1
8
7
5
38
2
11
24
15
22
1
8
7
5
38
2
11
24
15
22
1
8
7
5
38
2
11
24
15
22
1
8
7
5
38
2
11
24
15
22
1
8
7
5
38
2
11
24
15
22
1
8
7
5
38
2
11
24
15
22
1
8
7
5
38
2
11
24
15
22
1
8
7
5
38
2
11
24
15
22
1
8
7
5
38
2
11
24
15
22
1
8
7
5
38
2
11
24
15
22
1
8
7
5
38
2
11
24
15
22
1
8
7
5
38
2
11
24
15
22
1
8
7
5
38
2
11
24
15
22
1
8
7
5
38
2
11
24
15
22
1
8
7
5
38
2
11
24
15
22
1
8
7
5
38
2
11
24
15
22
1
8
7
5
38
2
11
24
15
22
1
8
7
5
38
2
11
24
15
22
1
8
7
5
38
2
11
24
15
22
1
8
7
5
38
2
11
24
15
22
1
8
7
5
38
2
11
24
15
22
1
8
7
5
38
2
11
24
15
22
1
8
7
5
38
2
11
24
15
22
1
8
7
5
38
2
11
24
15
22
1
8
7
5
38
2
11
24
15
22
1
8
7
5
38
2
11
24
15
22
1
8
7
5
38
2
11
24
15
22
1
8
7
5
38
2
11
24
15
22
1
8
7
5
38
2
11
24
15
22
1
8
7
5
38
2
11
24
15
22
1
8
7
5
38
2
11
24
15
22
1
8
7
5
38
2
11
24
15
22
1
8
7
5
38
2
