356
396
269
191
210
49
365
375
211
373
356
396
269
191
210
49
365
375
211
373
356
396
269
191
210
49
365
375
211
373
356
396
269
191
210
49
365
375
211
373
356
396
269
191
210
49
365
375
211
373
356
396
269
191
210
49
365
375
211
373
356
396
269
191
210
49
365
375
211
373
356
396
269
191
210
49
365
375
211
373
356
396
269
191
210
49
365
375
211
373
356
396
269
191
210
49
365
375
211
373
356
396
269
191
210
49
365
375
211
373
356
396
269
191
210
49
365
375
211
373
356
396
269
191
210
49
365
375
211
373
356
396
269
191
210
49
365
375
211
373
356
396
269
191
210
49
365
375
211
373
356
396
269
191
210
49
365
375
211
373
356
396
269
191
210
49
365
375
211
373
356
396
269
191
210
49
365
375
211
373
356
396
269
191
210
49
365
375
211
373
356
396
269
191
210
49
365
375
211
373
356
396
269
191
210
49
365
375
211
373
356
396
269
191
210
49
365
375
211
373
356
396
269
191
210
49
365
375
211
373
356
396
269
191
210
49
365
375
211
373
356
396
269
191
210
49
365
375
211
373
356
396
269
191
210
49
365
375
211
373
356
396
269
191
210
49
365
375
211
373
356
396
269
191
210
49
365
375
211
373
356
396
269
191
210
49
365
375
211
373
356
396
269
191
210
49
365
375
211
373
356
396
269
191
210
49
365
375
211
373
356
396
269
191
210
49
365
375
211
373
356
396
269
191
210
49
365
375
211
373
356
396
269
191
210
49
365
375
211
373
356
396
269
191
210
49
365
375
211
373
356
396
269
191
210
49
365
375
211
373
356
396
269
191
210
49
365
375
211
373
356
396
269
191
210
49
365
375
211
373
356
396
269
191
210
49
365
375
211
373
356
396
269
191
210
49
365
375
211
373
356
396
269
191
210
49
365
375
211
373
356
396
269
191
210
49
365
375
211
373
356
396
269
191
210
49
365
375
211
373
356
396
269
191
210
49
365
375
211
373
356
396
269
191
210
49
365
375
211
373
356
396
269
191
210
49
365
375
211
373
356
396
269
191
210
49
365
375
211
373
356
396
269
191
210
49
365
375
211
373
356
396
269
191
210
49
365
375
211
373
356
396
269
191
210
49
365
375
211
373
