61
107
118
4
110
174
179
51
57
177
61
107
118
4
110
174
179
51
57
177
61
107
118
4
110
174
179
51
57
177
61
107
118
4
110
174
179
51
57
177
61
107
118
4
110
174
179
51
57
177
61
107
118
4
110
174
179
51
57
177
61
107
118
4
110
174
179
51
57
177
61
107
118
4
110
174
179
51
57
177
61
107
118
4
110
174
179
51
57
177
61
107
118
4
110
174
179
51
57
177
61
107
118
4
110
174
179
51
57
177
61
107
118
4
110
174
179
51
57
177
61
107
118
4
110
174
179
51
57
177
61
107
118
4
110
174
179
51
57
177
61
107
118
4
110
174
179
51
57
177
61
107
118
4
110
174
179
51
57
177
61
107
118
4
110
174
179
51
57
177
61
107
118
4
110
174
179
51
57
177
61
107
118
4
110
174
179
51
57
177
61
107
118
4
110
174
179
51
57
177
61
107
118
4
110
174
179
51
57
177
61
107
118
4
110
174
179
51
57
177
61
107
118
4
110
174
179
51
57
177
61
107
118
4
110
174
179
51
57
177
61
107
118
4
110
174
179
51
57
177
61
107
118
4
110
174
179
51
57
177
61
107
118
4
110
174
179
51
57
177
61
107
118
4
110
174
179
51
57
177
61
107
118
4
110
174
179
51
57
177
61
107
118
4
110
174
179
51
57
177
61
107
118
4
110
174
179
51
57
177
61
107
118
4
110
174
179
51
57
177
61
107
118
4
110
174
179
51
57
177
61
107
118
4
110
174
179
51
57
177
61
107
118
4
110
174
179
51
57
177
61
107
118
4
110
174
179
51
57
177
61
107
118
4
110
174
179
51
57
177
61
107
118
4
110
174
179
51
57
177
61
107
118
4
110
174
179
51
57
177
61
107
118
4
110
174
179
51
57
177
61
107
118
4
110
174
179
51
57
177
61
107
118
4
110
174
179
51
57
177
61
107
118
4
110
174
179
51
57
177
61
107
118
4
110
174
179
51
57
177
61
107
118
4
110
174
179
51
57
177
61
107
118
4
110
174
179
51
57
177
61
107
118
4
110
174
179
51
57
177
61
107
118
4
110
174
179
51
57
177
61
107
118
4
110
174
179
51
57
177
61
107
118
4
110
174
179
51
57
177
