5
12
34
22
3
11
2
89
1
10
5
12
34
22
3
11
2
89
1
10
5
12
34
22
3
11
2
89
1
10
5
12
34
22
3
11
2
89
1
10
5
12
34
22
3
11
2
89
1
10
5
12
34
22
3
11
2
89
1
10
5
12
34
22
3
11
2
89
1
10
5
12
34
22
3
11
2
89
1
10
5
12
34
22
3
11
2
89
1
10
5
12
34
22
3
11
2
89
1
10
5
12
34
22
3
11
2
89
1
10
5
12
34
22
3
11
2
89
1
10
5
12
34
22
3
11
2
89
1
10
5
12
34
22
3
11
2
89
1
10
5
12
34
22
3
11
2
89
1
10
5
12
34
22
3
11
2
89
1
10
5
12
34
22
3
11
2
89
1
10
5
12
34
22
3
11
2
89
1
10
5
12
34
22
3
11
2
89
1
10
5
12
34
22
3
11
2
89
1
10
5
12
34
22
3
11
2
89
1
10
5
12
34
22
3
11
2
89
1
10
5
12
34
22
3
11
2
89
1
10
5
12
34
22
3
11
2
89
1
10
5
12
34
22
3
11
2
89
1
10
5
12
34
22
3
11
2
89
1
10
5
12
34
22
3
11
2
89
1
10
5
12
34
22
3
11
2
89
1
10
5
12
34
22
3
11
2
89
1
10
5
12
34
22
3
11
2
89
1
10
5
12
34
22
3
11
2
89
1
10
5
12
34
22
3
11
2
89
1
10
5
12
34
22
3
11
2
89
1
10
5
12
34
22
3
11
2
89
1
10
5
12
34
22
3
11
2
89
1
10
5
12
34
22
3
11
2
89
1
10
5
12
34
22
3
11
2
89
1
10
5
12
34
22
3
11
2
89
1
10
5
12
34
22
3
11
2
89
1
10
5
12
34
22
3
11
2
89
1
10
5
12
34
22
3
11
2
89
1
10
5
12
34
22
3
11
2
89
1
10
5
12
34
22
3
11
2
89
1
10
5
12
34
22
3
11
2
89
1
10
5
12
34
22
3
11
2
89
1
10
5
12
34
22
3
11
2
89
1
10
5
12
34
22
3
11
2
89
1
10
5
12
34
22
3
11
2
89
1
10
5
12
34
22
3
11
2
89
1
10
5
12
34
22
3
11
2
89
1
10
