166
483
215
282
353
471
222
89
26
660
166
483
215
282
353
471
222
89
26
660
166
483
215
282
353
471
222
89
26
660
166
483
215
282
353
471
222
89
26
660
166
483
215
282
353
471
222
89
26
660
166
483
215
282
353
471
222
89
26
660
166
483
215
282
353
471
222
89
26
660
166
483
215
282
353
471
222
89
26
660
166
483
215
282
353
471
222
89
26
660
166
483
215
282
353
471
222
89
26
660
166
483
215
282
353
471
222
89
26
660
166
483
215
282
353
471
222
89
26
660
166
483
215
282
353
471
222
89
26
660
166
483
215
282
353
471
222
89
26
660
166
483
215
282
353
471
222
89
26
660
166
483
215
282
353
471
222
89
26
660
166
483
215
282
353
471
222
89
26
660
166
483
215
282
353
471
222
89
26
660
166
483
215
282
353
471
222
89
26
660
166
483
215
282
353
471
222
89
26
660
166
483
215
282
353
471
222
89
26
660
166
483
215
282
353
471
222
89
26
660
166
483
215
282
353
471
222
89
26
660
166
483
215
282
353
471
222
89
26
660
166
483
215
282
353
471
222
89
26
660
166
483
215
282
353
471
222
89
26
660
166
483
215
282
353
471
222
89
26
660
166
483
215
282
353
471
222
89
26
660
166
483
215
282
353
471
222
89
26
660
166
483
215
282
353
471
222
89
26
660
166
483
215
282
353
471
222
89
26
660
166
483
215
282
353
471
222
89
26
660
166
483
215
282
353
471
222
89
26
660
166
483
215
282
353
471
222
89
26
660
166
483
215
282
353
471
222
89
26
660
166
483
215
282
353
471
222
89
26
660
166
483
215
282
353
471
222
89
26
660
166
483
215
282
353
471
222
89
26
660
166
483
215
282
353
471
222
89
26
660
166
483
215
282
353
471
222
89
26
660
166
483
215
282
353
471
222
89
26
660
166
483
215
282
353
471
222
89
26
660
166
483
215
282
353
471
222
89
26
660
166
483
215
282
353
471
222
89
26
660
166
483
215
282
353
471
222
89
26
660
166
483
215
282
353
471
222
89
26
660
166
483
215
282
353
471
222
89
26
660
166
483
215
282
353
471
222
89
26
660
166
483
215
282
353
471
222
89
26
660
166
483
215
282
353
471
222
89
26
660
