5
41
16
19
3
8
9
2
1
4
5
41
16
19
3
8
9
2
1
4
5
41
16
19
3
8
9
2
1
4
5
41
16
19
3
8
9
2
1
4
5
41
16
19
3
8
9
2
1
4
5
41
16
19
3
8
9
2
1
4
5
41
16
19
3
8
9
2
1
4
5
41
16
19
3
8
9
2
1
4
5
41
16
19
3
8
9
2
1
4
5
41
16
19
3
8
9
2
1
4
5
41
16
19
3
8
9
2
1
4
5
41
16
19
3
8
9
2
1
4
5
41
16
19
3
8
9
2
1
4
5
41
16
19
3
8
9
2
1
4
5
41
16
19
3
8
9
2
1
4
5
41
16
19
3
8
9
2
1
4
5
41
16
19
3
8
9
2
1
4
5
41
16
19
3
8
9
2
1
4
5
41
16
19
3
8
9
2
1
4
5
41
16
19
3
8
9
2
1
4
5
41
16
19
3
8
9
2
1
4
5
41
16
19
3
8
9
2
1
4
5
41
16
19
3
8
9
2
1
4
5
41
16
19
3
8
9
2
1
4
5
41
16
19
3
8
9
2
1
4
5
41
16
19
3
8
9
2
1
4
5
41
16
19
3
8
9
2
1
4
5
41
16
19
3
8
9
2
1
4
5
41
16
19
3
8
9
2
1
4
5
41
16
19
3
8
9
2
1
4
5
41
16
19
3
8
9
2
1
4
5
41
16
19
3
8
9
2
1
4
5
41
16
19
3
8
9
2
1
4
5
41
16
19
3
8
9
2
1
4
5
41
16
19
3
8
9
2
1
4
5
41
16
19
3
8
9
2
1
4
5
41
16
19
3
8
9
2
1
4
5
41
16
19
3
8
9
2
1
4
5
41
16
19
3
8
9
2
1
4
5
41
16
19
3
8
9
2
1
4
5
41
16
19
3
8
9
2
1
4
5
41
16
19
3
8
9
2
1
4
5
41
16
19
3
8
9
2
1
4
5
41
16
19
3
8
9
2
1
4
5
41
16
19
3
8
9
2
1
4
5
41
16
19
3
8
9
2
1
4
5
41
16
19
3
8
9
2
1
4
5
41
16
19
3
8
9
2
1
4
5
41
16
19
3
8
9
2
1
4
5
41
16
19
3
8
9
2
1
4
