12
243
95
246
90
41
132
27
129
13
12
243
95
246
90
41
132
27
129
13
12
243
95
246
90
41
132
27
129
13
12
243
95
246
90
41
132
27
129
13
12
243
95
246
90
41
132
27
129
13
12
243
95
246
90
41
132
27
129
13
12
243
95
246
90
41
132
27
129
13
12
243
95
246
90
41
132
27
129
13
12
243
95
246
90
41
132
27
129
13
12
243
95
246
90
41
132
27
129
13
12
243
95
246
90
41
132
27
129
13
12
243
95
246
90
41
132
27
129
13
12
243
95
246
90
41
132
27
129
13
12
243
95
246
90
41
132
27
129
13
12
243
95
246
90
41
132
27
129
13
12
243
95
246
90
41
132
27
129
13
12
243
95
246
90
41
132
27
129
13
12
243
95
246
90
41
132
27
129
13
12
243
95
246
90
41
132
27
129
13
12
243
95
246
90
41
132
27
129
13
12
243
95
246
90
41
132
27
129
13
12
243
95
246
90
41
132
27
129
13
12
243
95
246
90
41
132
27
129
13
12
243
95
246
90
41
132
27
129
13
12
243
95
246
90
41
132
27
129
13
12
243
95
246
90
41
132
27
129
13
12
243
95
246
90
41
132
27
129
13
12
243
95
246
90
41
132
27
129
13
12
243
95
246
90
41
132
27
129
13
12
243
95
246
90
41
132
27
129
13
12
243
95
246
90
41
132
27
129
13
12
243
95
246
90
41
132
27
129
13
12
243
95
246
90
41
132
27
129
13
12
243
95
246
90
41
132
27
129
13
12
243
95
246
90
41
132
27
129
13
12
243
95
246
90
41
132
27
129
13
12
243
95
246
90
41
132
27
129
13
12
243
95
246
90
41
132
27
129
13
12
243
95
246
90
41
132
27
129
13
12
243
95
246
90
41
132
27
129
13
12
243
95
246
90
41
132
27
129
13
12
243
95
246
90
41
132
27
129
13
12
243
95
246
90
41
132
27
129
13
12
243
95
246
90
41
132
27
129
13
12
243
95
246
90
41
132
27
129
13
12
243
95
246
90
41
132
27
129
13
12
243
95
246
90
41
132
27
129
13
12
243
95
246
90
41
132
27
129
13
12
243
95
246
90
41
132
27
129
13
12
243
95
246
90
41
132
27
129
13
