298
97
42
14
405
223
10
200
318
406
253
216
193
0
65
175
281
5
241
115
298
97
42
14
405
223
10
200
318
406
253
216
193
0
65
175
281
5
241
115
298
97
42
14
405
223
10
200
318
406
253
216
193
0
65
175
281
5
241
115
298
97
42
14
405
223
10
200
318
406
253
216
193
0
65
175
281
5
241
115
298
97
42
14
405
223
10
200
318
406
253
216
193
0
65
175
281
5
241
115
298
97
42
14
405
223
10
200
318
406
253
216
193
0
65
175
281
5
241
115
298
97
42
14
405
223
10
200
318
406
253
216
193
0
65
175
281
5
241
115
298
97
42
14
405
223
10
200
318
406
253
216
193
0
65
175
281
5
241
115
298
97
42
14
405
223
10
200
318
406
253
216
193
0
65
175
281
5
241
115
298
97
42
14
405
223
10
200
318
406
253
216
193
0
65
175
281
5
241
115
298
97
42
14
405
223
10
200
318
406
253
216
193
0
65
175
281
5
241
115
298
97
42
14
405
223
10
200
318
406
253
216
193
0
65
175
281
5
241
115
298
97
42
14
405
223
10
200
318
406
253
216
193
0
65
175
281
5
241
115
298
97
42
14
405
223
10
200
318
406
253
216
193
0
65
175
281
5
241
115
298
97
42
14
405
223
10
200
318
406
253
216
193
0
65
175
281
5
241
115
298
97
42
14
405
223
10
200
318
406
253
216
193
0
65
175
281
5
241
115
298
97
42
14
405
223
10
200
318
406
253
216
193
0
65
175
281
5
241
115
298
97
42
14
405
223
10
200
318
406
253
216
193
0
65
175
281
5
241
115
298
97
42
14
405
223
10
200
318
406
253
216
193
0
65
175
281
5
241
115
298
97
42
14
405
223
10
200
318
406
253
216
193
0
65
175
281
5
241
115
298
97
42
14
405
223
10
200
318
406
253
216
193
0
65
175
281
5
241
115
298
97
42
14
405
223
10
200
318
406
253
216
193
0
65
175
281
5
241
115
298
97
42
14
405
223
10
200
318
406
253
216
193
0
65
175
281
5
241
115
298
97
42
14
405
223
10
200
318
406
253
216
193
0
65
175
281
5
241
115
298
97
42
14
405
223
10
200
318
406
253
216
193
0
65
175
281
5
241
115
298
97
42
14
405
223
10
200
318
406
253
216
193
0
65
175
281
5
241
115
298
97
42
14
405
223
10
200
318
406
253
216
193
0
65
175
281
5
241
115
298
97
42
14
405
223
10
200
318
406
253
216
193
0
65
175
281
5
241
115
298
97
42
14
405
223
10
200
318
406
253
216
193
0
65
175
281
5
241
115
298
97
42
14
405
223
10
200
318
406
253
216
193
0
65
175
281
5
241
115
298
97
42
14
405
223
10
200
318
406
253
216
193
0
65
175
281
5
241
115
298
97
42
14
405
223
10
200
318
406
253
216
193
0
65
175
281
5
241
115
298
97
42
14
405
223
10
200
318
406
253
216
193
0
65
175
281
5
241
115
298
97
42
14
405
223
10
200
318
406
253
216
193
0
65
175
281
5
241
115
298
97
42
14
405
223
10
200
318
406
253
216
193
0
65
175
281
5
241
115
298
97
42
14
405
223
10
200
318
406
253
216
193
0
65
175
281
5
241
115
298
97
42
14
405
223
10
200
318
406
253
216
193
0
65
175
281
5
241
115
298
97
42
14
405
223
10
200
318
406
253
216
193
0
65
175
281
5
241
115
298
97
42
14
405
223
10
200
318
406
253
216
193
0
65
175
281
5
241
115
298
97
42
14
405
223
10
200
318
406
253
216
193
0
65
175
281
5
241
115
298
97
42
14
405
223
10
200
318
406
253
216
193
0
65
175
281
5
241
115
298
97
42
14
405
223
10
200
318
406
253
216
193
0
65
175
281
5
241
115
298
97
42
14
405
223
10
200
318
406
253
216
193
0
65
175
281
5
241
115
298
97
42
14
405
223
10
200
318
406
253
216
193
0
65
175
281
5
241
115
298
97
42
14
405
223
10
200
318
406
253
216
193
0
65
175
281
5
241
115
298
97
42
14
405
223
10
200
318
406
253
216
193
0
65
175
281
5
241
115
298
97
42
14
405
223
10
200
318
406
253
216
193
0
65
175
281
5
241
115
298
97
42
14
405
223
10
200
318
406
253
216
193
0
65
175
281
5
241
115
298
97
42
14
405
223
10
200
318
406
253
216
193
0
65
175
281
5
241
115
298
97
42
14
405
223
10
200
318
406
253
216
193
0
65
175
281
5
241
115
