108
117
185
35
125
125
117
185
35
220
220
20
185
35
125
20
117
185
35
125
108
117
185
35
125
125
117
185
35
220
220
20
185
35
125
20
117
185
35
125
108
117
185
35
125
125
117
185
35
220
220
20
185
35
125
20
117
185
35
125
108
117
185
35
125
125
117
185
35
220
220
20
185
35
125
20
117
185
35
125
108
117
185
35
125
125
117
185
35
220
220
20
185
35
125
20
117
185
35
125
108
117
185
35
125
125
117
185
35
220
220
20
185
35
125
20
117
185
35
125
108
117
185
35
125
125
117
185
35
220
220
20
185
35
125
20
117
185
35
125
108
117
185
35
125
125
117
185
35
220
220
20
185
35
125
20
117
185
35
125
108
117
185
35
125
125
117
185
35
220
220
20
185
35
125
20
117
185
35
125
108
117
185
35
125
125
117
185
35
220
220
20
185
35
125
20
117
185
35
125
108
117
185
35
125
125
117
185
35
220
220
20
185
35
125
20
117
185
35
125
108
117
185
35
125
125
117
185
35
220
220
20
185
35
125
20
117
185
35
125
108
117
185
35
125
125
117
185
35
220
