449
21
371
69
200
312
115
161
278
33
449
21
371
69
200
312
115
161
278
33
449
21
371
69
200
312
115
161
278
33
449
21
371
69
200
312
115
161
278
33
449
21
371
69
200
312
115
161
278
33
449
21
371
69
200
312
115
161
278
33
449
21
371
69
200
312
115
161
278
33
449
21
371
69
200
312
115
161
278
33
449
21
371
69
200
312
115
161
278
33
449
21
371
69
200
312
115
161
278
33
449
21
371
69
200
312
115
161
278
33
449
21
371
69
200
312
115
161
278
33
449
21
371
69
200
312
115
161
278
33
449
21
371
69
200
312
115
161
278
33
449
21
371
69
200
312
115
161
278
33
449
21
371
69
200
312
115
161
278
33
449
21
371
69
200
312
115
161
278
33
449
21
371
69
200
312
115
161
278
33
449
21
371
69
200
312
115
161
278
33
449
21
371
69
200
312
115
161
278
33
449
21
371
69
200
312
115
161
278
33
449
21
371
69
200
312
115
161
278
33
449
21
371
69
200
312
115
161
278
33
449
21
371
69
200
312
115
161
278
33
449
21
371
69
200
312
115
161
278
33
449
21
371
69
200
312
115
161
278
33
449
21
371
69
200
312
115
161
278
33
449
21
371
69
200
312
115
161
278
33
449
21
371
69
200
312
115
161
278
33
449
21
371
69
200
312
115
161
278
33
449
21
371
69
200
312
115
161
278
33
449
21
371
69
200
312
115
161
278
33
449
21
371
69
200
312
115
161
278
33
449
21
371
69
200
312
115
161
278
33
449
21
371
69
200
312
115
161
278
33
449
21
371
69
200
312
115
161
278
33
449
21
371
69
200
312
115
161
278
33
449
21
371
69
200
312
115
161
278
33
449
21
371
69
200
312
115
161
278
33
449
21
371
69
200
312
115
161
278
33
449
21
371
69
200
312
115
161
278
33
449
21
371
69
200
312
115
161
278
33
449
21
371
69
200
312
115
161
278
33
449
21
371
69
200
312
115
161
278
33
449
21
371
69
200
312
115
161
278
33
449
21
371
69
200
312
115
161
278
33
449
21
371
69
200
312
115
161
278
33
449
21
371
69
200
312
115
161
278
33
449
21
371
69
200
312
115
161
278
33
449
21
371
69
200
312
115
161
278
33
