1001
1003
101
0
1002
1005
1008
1006
1007
1009
1
10
1000
100
1004
1001
1003
101
0
1002
1005
1008
1006
1007
1009
1
10
1000
100
1004
1001
1003
101
0
1002
1005
1008
1006
1007
1009
1
10
1000
100
1004
1001
1003
101
0
1002
1005
1008
1006
1007
1009
1
10
1000
100
1004
1001
1003
101
0
1002
1005
1008
1006
1007
1009
1
10
1000
100
1004
1001
1003
101
0
1002
1005
1008
1006
1007
1009
1
10
1000
100
1004
1001
1003
101
0
1002
1005
1008
1006
1007
1009
1
10
1000
100
1004
1001
1003
101
0
1002
1005
1008
1006
1007
1009
1
10
1000
100
1004
1001
1003
101
0
1002
1005
1008
1006
1007
1009
1
10
1000
100
1004
1001
1003
101
0
1002
1005
1008
1006
1007
1009
1
10
1000
100
1004
1001
1003
101
0
1002
1005
1008
1006
1007
1009
1
10
1000
100
1004
1001
1003
101
0
1002
1005
1008
1006
1007
1009
1
10
1000
100
1004
1001
1003
101
0
1002
1005
1008
1006
1007
1009
1
10
1000
100
1004
1001
1003
101
0
1002
1005
1008
1006
1007
1009
1
10
1000
100
1004
1001
1003
101
0
1002
1005
1008
1006
1007
1009
1
10
1000
100
1004
1001
1003
101
0
1002
1005
1008
1006
1007
1009
1
10
1000
100
1004
1001
1003
101
0
1002
1005
1008
1006
1007
1009
1
10
1000
100
1004
1001
1003
101
0
1002
1005
1008
1006
1007
1009
1
10
1000
100
1004
1001
1003
101
0
1002
1005
1008
1006
1007
1009
1
10
1000
100
1004
1001
1003
101
0
1002
1005
1008
1006
1007
1009
1
10
1000
100
1004
1001
1003
101
0
1002
1005
1008
1006
1007
1009
1
10
1000
100
1004
1001
1003
101
0
1002
1005
1008
1006
1007
1009
1
10
1000
100
1004
1001
1003
101
0
1002
1005
1008
1006
1007
1009
1
10
1000
100
1004
1001
1003
101
0
1002
1005
1008
1006
1007
1009
1
10
1000
100
1004
1001
1003
101
0
1002
1005
1008
1006
1007
1009
1
10
1000
100
1004
1001
1003
101
0
1002
1005
1008
1006
1007
1009
1
10
1000
100
1004
1001
1003
101
0
1002
1005
1008
1006
1007
1009
1
10
1000
100
1004
1001
1003
101
0
1002
1005
1008
1006
1007
1009
1
10
1000
100
1004
1001
1003
101
0
1002
1005
1008
1006
1007
1009
1
10
1000
100
1004
1001
1003
101
0
1002
1005
1008
1006
1007
1009
1
10
1000
100
1004
1001
1003
101
0
1002
1005
1008
1006
1007
1009
1
10
1000
100
1004
1001
1003
101
0
1002
1005
1008
1006
1007
1009
1
10
1000
100
1004
1001
1003
101
0
1002
1005
1008
1006
1007
1009
1
10
1000
100
1004
1001
1003
101
0
1002
1005
1008
1006
1007
1009
1
10
1000
100
1004
1001
1003
101
0
1002
1005
1008
1006
1007
1009
1
10
1000
100
1004
1001
1003
101
0
1002
1005
1008
1006
1007
1009
1
10
1000
100
1004
1001
1003
101
0
1002
1005
1008
1006
1007
1009
1
10
1000
100
1004
1001
1003
101
0
1002
1005
1008
1006
1007
1009
1
10
1000
100
1004
1001
1003
101
0
1002
1005
1008
1006
1007
1009
1
10
1000
100
1004
1001
1003
101
0
1002
1005
1008
1006
1007
1009
1
10
1000
100
1004
1001
1003
101
0
1002
1005
1008
1006
1007
1009
1
10
1000
100
1004
1001
1003
101
0
1002
1005
1008
1006
1007
1009
1
10
1000
100
1004
1001
1003
101
0
1002
1005
1008
1006
1007
1009
1
10
1000
100
1004
1001
1003
101
0
1002
1005
1008
1006
1007
1009
1
10
1000
100
1004
1001
1003
101
0
1002
1005
1008
1006
1007
1009
1
10
1000
100
1004
1001
1003
101
0
1002
1005
1008
1006
1007
1009
1
10
1000
100
1004
1001
1003
101
0
1002
1005
1008
1006
1007
1009
1
10
1000
100
1004
1001
1003
101
0
1002
1005
1008
1006
1007
1009
1
10
1000
100
1004
1001
1003
101
0
1002
1005
1008
1006
1007
1009
1
10
1000
100
1004
1001
1003
101
0
1002
1005
1008
1006
1007
1009
1
10
1000
100
1004
