1907
1007
1842
1844
1002
1909
10
1003
1845
1001
1851
1846
934
1908
1004
1843
1005
100
1008
1000
1006
0
1910
935
1009
101
1367
1
942
940
1907
1007
1842
1844
1002
1909
10
1003
1845
1001
1851
1846
934
1908
1004
1843
1005
100
1008
1000
1006
0
1910
935
1009
101
1367
1
942
940
1907
1007
1842
1844
1002
1909
10
1003
1845
1001
1851
1846
934
1908
1004
1843
1005
100
1008
1000
1006
0
1910
935
1009
101
1367
1
942
940
1907
1007
1842
1844
1002
1909
10
1003
1845
1001
1851
1846
934
1908
1004
1843
1005
100
1008
1000
1006
0
1910
935
1009
101
1367
1
942
940
1907
1007
1842
1844
1002
1909
10
1003
1845
1001
1851
1846
934
1908
1004
1843
1005
100
1008
1000
1006
0
1910
935
1009
101
1367
1
942
940
1907
1007
1842
1844
1002
1909
10
1003
1845
1001
1851
1846
934
1908
1004
1843
1005
100
1008
1000
1006
0
1910
935
1009
101
1367
1
942
940
1907
1007
1842
1844
1002
1909
10
1003
1845
1001
1851
1846
934
1908
1004
1843
1005
100
1008
1000
1006
0
1910
935
1009
101
1367
1
942
940
1907
1007
1842
1844
1002
1909
10
1003
1845
1001
1851
1846
934
1908
1004
1843
1005
100
1008
1000
1006
0
1910
935
1009
101
1367
1
942
940
1907
1007
1842
1844
1002
1909
10
1003
1845
1001
1851
1846
934
1908
1004
1843
1005
100
1008
1000
1006
0
1910
935
1009
101
1367
1
942
940
1907
1007
1842
1844
1002
1909
10
1003
1845
1001
1851
1846
934
1908
1004
1843
1005
100
1008
1000
1006
0
1910
935
1009
101
1367
1
942
940
1907
1007
1842
1844
1002
1909
10
1003
1845
1001
1851
1846
934
1908
1004
1843
1005
100
1008
1000
1006
0
1910
935
1009
101
1367
1
942
940
1907
1007
1842
1844
1002
1909
10
1003
1845
1001
1851
1846
934
1908
1004
1843
1005
100
1008
1000
1006
0
1910
935
1009
101
1367
1
942
940
1907
1007
1842
1844
1002
1909
10
1003
1845
1001
1851
1846
934
1908
1004
1843
1005
100
1008
1000
1006
0
1910
935
1009
101
1367
1
942
940
1907
1007
1842
1844
1002
1909
10
1003
1845
1001
1851
1846
934
1908
1004
1843
1005
100
1008
1000
1006
0
1910
935
1009
101
1367
1
942
940
1907
1007
1842
1844
1002
1909
10
1003
1845
1001
1851
1846
934
1908
1004
1843
1005
100
1008
1000
1006
0
1910
935
1009
101
1367
1
942
940
1907
1007
1842
1844
1002
1909
10
1003
1845
1001
1851
1846
934
1908
1004
1843
1005
100
1008
1000
1006
0
1910
935
1009
101
1367
1
942
940
1907
1007
1842
1844
1002
1909
10
1003
1845
1001
1851
1846
934
1908
1004
1843
1005
100
1008
1000
1006
0
1910
935
1009
101
1367
1
942
940
1907
1007
1842
1844
1002
1909
10
1003
1845
1001
1851
1846
934
1908
1004
1843
1005
100
1008
1000
1006
0
1910
935
1009
101
1367
1
942
940
1907
1007
1842
1844
1002
1909
10
1003
1845
1001
1851
1846
934
1908
1004
1843
1005
100
1008
1000
1006
0
1910
935
1009
101
1367
1
942
940
1907
1007
1842
1844
1002
1909
10
1003
1845
1001
1851
1846
934
1908
1004
1843
1005
100
1008
1000
1006
0
1910
935
1009
101
1367
1
942
940
1907
1007
1842
1844
1002
1909
10
1003
1845
1001
1851
1846
934
1908
1004
1843
1005
100
1008
1000
1006
0
1910
935
1009
101
1367
1
942
940
1907
1007
1842
1844
1002
1909
10
1003
1845
1001
1851
1846
934
1908
1004
1843
1005
100
1008
1000
1006
0
1910
935
1009
101
1367
1
942
940
1907
1007
1842
1844
1002
1909
10
1003
1845
1001
1851
1846
934
1908
1004
1843
1005
100
1008
1000
1006
0
1910
935
1009
101
1367
1
942
940
1907
1007
1842
1844
1002
1909
10
1003
1845
1001
1851
1846
934
1908
1004
1843
1005
100
1008
1000
1006
0
1910
935
1009
101
1367
1
942
940
1907
1007
1842
1844
1002
1909
10
1003
1845
1001
1851
1846
934
1908
1004
1843
1005
100
1008
1000
1006
0
1910
935
1009
101
1367
1
942
940
1907
1007
1842
1844
1002
1909
10
1003
1845
1001
1851
1846
934
1908
1004
1843
1005
100
1008
1000
1006
0
1910
935
1009
101
1367
1
942
940
1907
1007
1842
1844
1002
1909
10
1003
1845
1001
1851
1846
934
1908
1004
1843
1005
100
1008
1000
1006
0
1910
935
1009
101
1367
1
942
940
1907
1007
1842
1844
1002
1909
10
1003
1845
1001
1851
1846
934
1908
1004
1843
1005
100
1008
1000
1006
0
1910
935
1009
101
1367
1
942
940
1907
1007
1842
1844
1002
1909
10
1003
1845
1001
1851
1846
934
1908
1004
1843
1005
100
1008
1000
1006
0
1910
935
1009
101
1367
1
942
940
1907
1007
1842
1844
1002
1909
10
1003
1845
1001
1851
1846
934
1908
1004
1843
1005
100
1008
1000
1006
0
1910
935
1009
101
1367
1
942
940
1907
1007
1842
1844
1002
1909
10
1003
1845
1001
1851
1846
934
1908
1004
1843
1005
100
1008
1000
1006
0
1910
935
1009
101
1367
1
942
940
1907
1007
1842
1844
1002
1909
10
1003
1845
1001
1851
1846
934
1908
1004
1843
1005
100
1008
1000
1006
0
1910
935
1009
101
1367
1
942
940
1907
1007
1842
1844
1002
1909
10
1003
1845
1001
1851
1846
934
1908
1004
1843
1005
100
1008
1000
1006
0
1910
935
1009
101
1367
1
942
940
1907
1007
1842
1844
1002
1909
10
1003
1845
1001
1851
1846
934
1908
1004
1843
1005
100
1008
1000
1006
0
1910
935
1009
101
1367
1
942
940
1907
1007
1842
1844
1002
1909
10
1003
1845
1001
1851
1846
934
1908
1004
1843
1005
100
1008
1000
1006
0
1910
935
1009
101
1367
1
942
940
1907
1007
1842
1844
1002
1909
10
1003
1845
1001
1851
1846
934
1908
1004
1843
1005
100
1008
1000
1006
0
1910
935
1009
101
1367
1
942
940
1907
1007
1842
1844
1002
1909
10
1003
1845
1001
1851
1846
934
1908
1004
1843
1005
100
1008
1000
1006
0
1910
935
1009
101
1367
1
942
940
1907
1007
1842
1844
1002
1909
10
1003
1845
1001
1851
1846
934
1908
1004
1843
1005
100
1008
1000
1006
0
1910
935
1009
101
1367
1
942
940
1907
1007
1842
1844
1002
1909
10
1003
1845
1001
1851
1846
934
1908
1004
1843
1005
100
1008
1000
1006
0
1910
935
1009
101
1367
1
942
940
1907
1007
1842
1844
1002
1909
10
1003
1845
1001
1851
1846
934
1908
1004
1843
1005
100
1008
1000
1006
0
1910
935
1009
101
1367
1
942
940
1907
1007
1842
1844
1002
1909
10
1003
1845
1001
1851
1846
934
1908
1004
1843
1005
100
1008
1000
1006
0
1910
935
1009
101
1367
1
942
940
1907
1007
1842
1844
1002
1909
10
1003
1845
1001
1851
1846
934
1908
1004
1843
1005
100
1008
1000
1006
0
1910
935
1009
101
1367
1
942
940
1907
1007
1842
1844
1002
1909
10
1003
1845
1001
1851
1846
934
1908
1004
1843
1005
100
1008
1000
1006
0
1910
935
1009
101
1367
1
942
940
1907
1007
1842
1844
1002
1909
10
1003
1845
1001
1851
1846
934
1908
1004
1843
1005
100
1008
1000
1006
0
1910
935
1009
101
1367
1
942
940
1907
1007
1842
1844
1002
1909
10
1003
1845
1001
1851
1846
934
1908
1004
1843
1005
100
1008
1000
1006
0
1910
935
1009
101
1367
1
942
940
1907
1007
1842
1844
1002
1909
10
1003
1845
1001
1851
1846
934
1908
1004
1843
1005
100
1008
1000
1006
0
1910
935
1009
101
1367
1
942
940
1907
1007
1842
1844
1002
1909
10
1003
1845
1001
1851
1846
934
1908
1004
1843
1005
100
1008
1000
1006
0
1910
935
1009
101
1367
1
942
940
1907
1007
1842
1844
1002
1909
10
1003
1845
1001
1851
1846
934
1908
1004
1843
1005
100
1008
1000
1006
0
1910
935
1009
101
1367
1
942
940
1907
1007
1842
1844
1002
1909
10
1003
1845
1001
1851
1846
934
1908
1004
1843
1005
100
1008
1000
1006
0
1910
935
1009
101
1367
1
942
940
1907
1007
1842
1844
1002
1909
10
1003
1845
1001
1851
1846
934
1908
1004
1843
1005
100
1008
1000
1006
0
1910
935
1009
101
1367
1
942
940
