1
42
156
43
0
1
42
156
43
0
1
42
156
43
0
1
42
156
43
0
1
42
156
43
0
1
42
156
43
0
1
42
156
43
0
1
42
156
43
0
1
42
156
43
0
1
42
156
43
0
1
42
156
43
0
1
42
156
43
0
1
42
156
43
0
1
42
156
43
0
1
42
156
43
0
1
42
156
43
0
1
42
156
43
0
1
42
156
43
0
1
42
156
43
0
1
42
156
43
0
1
42
156
43
0
1
42
156
43
0
1
42
156
43
0
1
42
156
43
0
1
42
156
43
0
1
42
156
43
0
1
42
156
43
0
1
42
156
43
0
1
42
156
43
0
1
42
156
43
0
1
42
156
43
0
1
42
156
43
0
1
42
156
43
0
1
42
156
43
0
1
42
156
43
0
1
42
156
43
0
1
42
156
43
0
1
42
156
43
0
1
42
156
43
0
1
42
156
43
0
1
42
156
43
0
1
42
156
43
0
1
42
156
43
0
1
42
156
43
0
1
42
156
43
0
1
42
156
43
0
1
42
156
43
0
1
42
156
43
0
1
42
156
43
0
1
42
156
43
0
