0
118
71
38
307
8
238
239
4
20
0
118
71
38
307
8
238
239
4
20
0
118
71
38
307
8
238
239
4
20
0
118
71
38
307
8
238
239
4
20
0
118
71
38
307
8
238
239
4
20
0
118
71
38
307
8
238
239
4
20
0
118
71
38
307
8
238
239
4
20
0
118
71
38
307
8
238
239
4
20
0
118
71
38
307
8
238
239
4
20
0
118
71
38
307
8
238
239
4
20
0
118
71
38
307
8
238
239
4
20
0
118
71
38
307
8
238
239
4
20
0
118
71
38
307
8
238
239
4
20
0
118
71
38
307
8
238
239
4
20
0
118
71
38
307
8
238
239
4
20
0
118
71
38
307
8
238
239
4
20
0
118
71
38
307
8
238
239
4
20
0
118
71
38
307
8
238
239
4
20
0
118
71
38
307
8
238
239
4
20
0
118
71
38
307
8
238
239
4
20
0
118
71
38
307
8
238
239
4
20
0
118
71
38
307
8
238
239
4
20
0
118
71
38
307
8
238
239
4
20
0
118
71
38
307
8
238
239
4
20
0
118
71
38
307
8
238
239
4
20
0
118
71
38
307
8
238
239
4
20
0
118
71
38
307
8
238
239
4
20
0
118
71
38
307
8
238
239
4
20
0
118
71
38
307
8
238
239
4
20
0
118
71
38
307
8
238
239
4
20
0
118
71
38
307
8
238
239
4
20
0
118
71
38
307
8
238
239
4
20
0
118
71
38
307
8
238
239
4
20
0
118
71
38
307
8
238
239
4
20
0
118
71
38
307
8
238
239
4
20
0
118
71
38
307
8
238
239
4
20
0
118
71
38
307
8
238
239
4
20
0
118
71
38
307
8
238
239
4
20
0
118
71
38
307
8
238
239
4
20
0
118
71
38
307
8
238
239
4
20
0
118
71
38
307
8
238
239
4
20
0
118
71
38
307
8
238
239
4
20
0
118
71
38
307
8
238
239
4
20
0
118
71
38
307
8
238
239
4
20
0
118
71
38
307
8
238
239
4
20
0
118
71
38
307
8
238
239
4
20
0
118
71
38
307
8
238
239
4
20
0
118
71
38
307
8
238
239
4
20
0
118
71
38
307
8
238
239
4
20
0
118
71
38
307
8
238
239
4
20
