19
299
115
546
322
232
209
142
202
230
19
299
115
546
322
232
209
142
202
230
19
299
115
546
322
232
209
142
202
230
19
299
115
546
322
232
209
142
202
230
19
299
115
546
322
232
209
142
202
230
19
299
115
546
322
232
209
142
202
230
19
299
115
546
322
232
209
142
202
230
19
299
115
546
322
232
209
142
202
230
19
299
115
546
322
232
209
142
202
230
19
299
115
546
322
232
209
142
202
230
19
299
115
546
322
232
209
142
202
230
19
299
115
546
322
232
209
142
202
230
19
299
115
546
322
232
209
142
202
230
19
299
115
546
322
232
209
142
202
230
19
299
115
546
322
232
209
142
202
230
19
299
115
546
322
232
209
142
202
230
19
299
115
546
322
232
209
142
202
230
19
299
115
546
322
232
209
142
202
230
19
299
115
546
322
232
209
142
202
230
19
299
115
546
322
232
209
142
202
230
19
299
115
546
322
232
209
142
202
230
19
299
115
546
322
232
209
142
202
230
19
299
115
546
322
232
209
142
202
230
19
299
115
546
322
232
209
142
202
230
19
299
115
546
322
232
209
142
202
230
19
299
115
546
322
232
209
142
202
230
19
299
115
546
322
232
209
142
202
230
19
299
115
546
322
232
209
142
202
230
19
299
115
546
322
232
209
142
202
230
19
299
115
546
322
232
209
142
202
230
19
299
115
546
322
232
209
142
202
230
19
299
115
546
322
232
209
142
202
230
19
299
115
546
322
232
209
142
202
230
19
299
115
546
322
232
209
142
202
230
19
299
115
546
322
232
209
142
202
230
19
299
115
546
322
232
209
142
202
230
19
299
115
546
322
232
209
142
202
230
19
299
115
546
322
232
209
142
202
230
19
299
115
546
322
232
209
142
202
230
19
299
115
546
322
232
209
142
202
230
19
299
115
546
322
232
209
142
202
230
19
299
115
546
322
232
209
142
202
230
19
299
115
546
322
232
209
142
202
230
19
299
115
546
322
232
209
142
202
230
19
299
115
546
322
232
209
142
202
230
19
299
115
546
322
232
209
142
202
230
19
299
115
546
322
232
209
142
202
230
19
299
115
546
322
232
209
142
202
230
19
299
115
546
322
232
209
142
202
230
19
299
115
546
322
232
209
142
202
230
