74
19
204
73
38
111
15
112
1
87
74
19
204
73
38
111
15
112
1
87
74
19
204
73
38
111
15
112
1
87
74
19
204
73
38
111
15
112
1
87
74
19
204
73
38
111
15
112
1
87
74
19
204
73
38
111
15
112
1
87
74
19
204
73
38
111
15
112
1
87
74
19
204
73
38
111
15
112
1
87
74
19
204
73
38
111
15
112
1
87
74
19
204
73
38
111
15
112
1
87
74
19
204
73
38
111
15
112
1
87
74
19
204
73
38
111
15
112
1
87
74
19
204
73
38
111
15
112
1
87
74
19
204
73
38
111
15
112
1
87
74
19
204
73
38
111
15
112
1
87
74
19
204
73
38
111
15
112
1
87
74
19
204
73
38
111
15
112
1
87
74
19
204
73
38
111
15
112
1
87
74
19
204
73
38
111
15
112
1
87
74
19
204
73
38
111
15
112
1
87
74
19
204
73
38
111
15
112
1
87
74
19
204
73
38
111
15
112
1
87
74
19
204
73
38
111
15
112
1
87
74
19
204
73
38
111
15
112
1
87
74
19
204
73
38
111
15
112
1
87
74
19
204
73
38
111
15
112
1
87
74
19
204
73
38
111
15
112
1
87
74
19
204
73
38
111
15
112
1
87
74
19
204
73
38
111
15
112
1
87
74
19
204
73
38
111
15
112
1
87
74
19
204
73
38
111
15
112
1
87
74
19
204
73
38
111
15
112
1
87
74
19
204
73
38
111
15
112
1
87
74
19
204
73
38
111
15
112
1
87
74
19
204
73
38
111
15
112
1
87
74
19
204
73
38
111
15
112
1
87
74
19
204
73
38
111
15
112
1
87
74
19
204
73
38
111
15
112
1
87
74
19
204
73
38
111
15
112
1
87
74
19
204
73
38
111
15
112
1
87
74
19
204
73
38
111
15
112
1
87
74
19
204
73
38
111
15
112
1
87
74
19
204
73
38
111
15
112
1
87
74
19
204
73
38
111
15
112
1
87
74
19
204
73
38
111
15
112
1
87
74
19
204
73
38
111
15
112
1
87
74
19
204
73
38
111
15
112
1
87
74
19
204
73
38
111
15
112
1
87
74
19
204
73
38
111
15
112
1
87
74
19
204
73
38
111
15
112
1
87
