94
152
282
235
171
3
73
32
200
95
94
152
282
235
171
3
73
32
200
95
94
152
282
235
171
3
73
32
200
95
94
152
282
235
171
3
73
32
200
95
94
152
282
235
171
3
73
32
200
95
94
152
282
235
171
3
73
32
200
95
94
152
282
235
171
3
73
32
200
95
94
152
282
235
171
3
73
32
200
95
94
152
282
235
171
3
73
32
200
95
94
152
282
235
171
3
73
32
200
95
94
152
282
235
171
3
73
32
200
95
94
152
282
235
171
3
73
32
200
95
94
152
282
235
171
3
73
32
200
95
94
152
282
235
171
3
73
32
200
95
94
152
282
235
171
3
73
32
200
95
94
152
282
235
171
3
73
32
200
95
94
152
282
235
171
3
73
32
200
95
94
152
282
235
171
3
73
32
200
95
94
152
282
235
171
3
73
32
200
95
94
152
282
235
171
3
73
32
200
95
94
152
282
235
171
3
73
32
200
95
94
152
282
235
171
3
73
32
200
95
94
152
282
235
171
3
73
32
200
95
94
152
282
235
171
3
73
32
200
95
94
152
282
235
171
3
73
32
200
95
94
152
282
235
171
3
73
32
200
95
94
152
282
235
171
3
73
32
200
95
94
152
282
235
171
3
73
32
200
95
94
152
282
235
171
3
73
32
200
95
94
152
282
235
171
3
73
32
200
95
94
152
282
235
171
3
73
32
200
95
94
152
282
235
171
3
73
32
200
95
94
152
282
235
171
3
73
32
200
95
94
152
282
235
171
3
73
32
200
95
94
152
282
235
171
3
73
32
200
95
94
152
282
235
171
3
73
32
200
95
94
152
282
235
171
3
73
32
200
95
94
152
282
235
171
3
73
32
200
95
94
152
282
235
171
3
73
32
200
95
94
152
282
235
171
3
73
32
200
95
94
152
282
235
171
3
73
32
200
95
94
152
282
235
171
3
73
32
200
95
94
152
282
235
171
3
73
32
200
95
94
152
282
235
171
3
73
32
200
95
94
152
282
235
171
3
73
32
200
95
94
152
282
235
171
3
73
32
200
95
94
152
282
235
171
3
73
32
200
95
94
152
282
235
171
3
73
32
200
95
94
152
282
235
171
3
73
32
200
95
94
152
282
235
171
3
73
32
200
95
