251
111
113
239
225
251
111
113
239
225
251
111
113
239
225
251
111
113
239
225
251
111
113
239
225
251
111
113
239
225
251
111
113
239
225
251
111
113
239
225
251
111
113
239
225
251
111
113
239
225
251
111
113
239
225
251
111
113
239
225
251
111
113
239
225
251
111
113
239
225
251
111
113
239
225
251
111
113
239
225
251
111
113
239
225
251
111
113
239
225
251
111
113
239
225
251
111
113
239
225
251
111
113
239
225
251
111
113
239
225
251
111
113
239
225
251
111
113
239
225
251
111
113
239
225
251
111
113
239
225
251
111
113
239
225
251
111
113
239
225
251
111
113
239
225
251
111
113
239
225
251
111
113
239
225
251
111
113
239
225
251
111
113
239
225
251
111
113
239
225
251
111
113
239
225
251
111
113
239
225
251
111
113
239
225
251
111
113
239
225
251
111
113
239
225
251
111
113
239
225
251
111
113
239
225
251
111
113
239
225
251
111
113
239
225
251
111
113
239
225
251
111
113
239
225
251
111
113
239
225
251
111
113
239
225
251
111
113
239
225
251
111
113
239
225
251
111
113
239
225
