40
13
30
11
23
40
13
30
11
23
40
13
30
11
23
40
13
30
11
23
40
13
30
11
23
40
13
30
11
23
40
13
30
11
23
40
13
30
11
23
40
13
30
11
23
40
13
30
11
23
40
13
30
11
23
40
13
30
11
23
40
13
30
11
23
40
13
30
11
23
40
13
30
11
23
40
13
30
11
23
40
13
30
11
23
40
13
30
11
23
40
13
30
11
23
40
13
30
11
23
40
13
30
11
23
40
13
30
11
23
40
13
30
11
23
40
13
30
11
23
40
13
30
11
23
40
13
30
11
23
40
13
30
11
23
40
13
30
11
23
40
13
30
11
23
40
13
30
11
23
40
13
30
11
23
40
13
30
11
23
40
13
30
11
23
40
13
30
11
23
40
13
30
11
23
40
13
30
11
23
40
13
30
11
23
40
13
30
11
23
40
13
30
11
23
40
13
30
11
23
40
13
30
11
23
40
13
30
11
23
40
13
30
11
23
40
13
30
11
23
40
13
30
11
23
40
13
30
11
23
40
13
30
11
23
40
13
30
11
23
40
13
30
11
23
40
13
30
11
23
