5
6
1
3
18
5
6
1
3
18
5
6
1
3
18
5
6
1
3
18
5
6
1
3
18
5
6
1
3
18
5
6
1
3
18
5
6
1
3
18
5
6
1
3
18
5
6
1
3
18
5
6
1
3
18
5
6
1
3
18
5
6
1
3
18
5
6
1
3
18
5
6
1
3
18
5
6
1
3
18
5
6
1
3
18
5
6
1
3
18
5
6
1
3
18
5
6
1
3
18
5
6
1
3
18
5
6
1
3
18
5
6
1
3
18
5
6
1
3
18
5
6
1
3
18
5
6
1
3
18
5
6
1
3
18
5
6
1
3
18
5
6
1
3
18
5
6
1
3
18
5
6
1
3
18
5
6
1
3
18
5
6
1
3
18
5
6
1
3
18
5
6
1
3
18
5
6
1
3
18
5
6
1
3
18
5
6
1
3
18
5
6
1
3
18
5
6
1
3
18
5
6
1
3
18
5
6
1
3
18
5
6
1
3
18
5
6
1
3
18
5
6
1
3
18
5
6
1
3
18
5
6
1
3
18
5
6
1
3
18
5
6
1
3
18
5
6
1
3
18
