82
3
1
14
7
82
3
1
14
7
82
3
1
14
7
82
3
1
14
7
82
3
1
14
7
82
3
1
14
7
82
3
1
14
7
82
3
1
14
7
82
3
1
14
7
82
3
1
14
7
82
3
1
14
7
82
3
1
14
7
82
3
1
14
7
82
3
1
14
7
82
3
1
14
7
82
3
1
14
7
82
3
1
14
7
82
3
1
14
7
82
3
1
14
7
82
3
1
14
7
82
3
1
14
7
82
3
1
14
7
82
3
1
14
7
82
3
1
14
7
82
3
1
14
7
82
3
1
14
7
82
3
1
14
7
82
3
1
14
7
82
3
1
14
7
82
3
1
14
7
82
3
1
14
7
82
3
1
14
7
82
3
1
14
7
82
3
1
14
7
82
3
1
14
7
82
3
1
14
7
82
3
1
14
7
82
3
1
14
7
82
3
1
14
7
82
3
1
14
7
82
3
1
14
7
82
3
1
14
7
82
3
1
14
7
82
3
1
14
7
82
3
1
14
7
82
3
1
14
7
82
3
1
14
7
82
3
1
14
7
82
3
1
14
7
82
3
1
14
7
