2
10
9
17
8
2
10
9
17
8
2
10
9
17
8
2
10
9
17
8
2
10
9
17
8
2
10
9
17
8
2
10
9
17
8
2
10
9
17
8
2
10
9
17
8
2
10
9
17
8
2
10
9
17
8
2
10
9
17
8
2
10
9
17
8
2
10
9
17
8
2
10
9
17
8
2
10
9
17
8
2
10
9
17
8
2
10
9
17
8
2
10
9
17
8
2
10
9
17
8
2
10
9
17
8
2
10
9
17
8
2
10
9
17
8
2
10
9
17
8
2
10
9
17
8
2
10
9
17
8
2
10
9
17
8
2
10
9
17
8
2
10
9
17
8
2
10
9
17
8
2
10
9
17
8
2
10
9
17
8
2
10
9
17
8
2
10
9
17
8
2
10
9
17
8
2
10
9
17
8
2
10
9
17
8
2
10
9
17
8
2
10
9
17
8
2
10
9
17
8
2
10
9
17
8
2
10
9
17
8
2
10
9
17
8
2
10
9
17
8
2
10
9
17
8
2
10
9
17
8
2
10
9
17
8
2
10
9
17
8
2
10
9
17
8
2
10
9
17
8
