75
9
33
72
11
75
9
33
72
11
75
9
33
72
11
75
9
33
72
11
75
9
33
72
11
75
9
33
72
11
75
9
33
72
11
75
9
33
72
11
75
9
33
72
11
75
9
33
72
11
75
9
33
72
11
75
9
33
72
11
75
9
33
72
11
75
9
33
72
11
75
9
33
72
11
75
9
33
72
11
75
9
33
72
11
75
9
33
72
11
75
9
33
72
11
75
9
33
72
11
75
9
33
72
11
75
9
33
72
11
75
9
33
72
11
75
9
33
72
11
75
9
33
72
11
75
9
33
72
11
75
9
33
72
11
75
9
33
72
11
75
9
33
72
11
75
9
33
72
11
75
9
33
72
11
75
9
33
72
11
75
9
33
72
11
75
9
33
72
11
75
9
33
72
11
75
9
33
72
11
75
9
33
72
11
75
9
33
72
11
75
9
33
72
11
75
9
33
72
11
75
9
33
72
11
75
9
33
72
11
75
9
33
72
11
75
9
33
72
11
75
9
33
72
11
75
9
33
72
11
75
9
33
72
11
75
9
33
72
11
75
9
33
72
11
75
9
33
72
11
