8
92
11
13
75
8
92
11
13
75
8
92
11
13
75
8
92
11
13
75
8
92
11
13
75
8
92
11
13
75
8
92
11
13
75
8
92
11
13
75
8
92
11
13
75
8
92
11
13
75
8
92
11
13
75
8
92
11
13
75
8
92
11
13
75
8
92
11
13
75
8
92
11
13
75
8
92
11
13
75
8
92
11
13
75
8
92
11
13
75
8
92
11
13
75
8
92
11
13
75
8
92
11
13
75
8
92
11
13
75
8
92
11
13
75
8
92
11
13
75
8
92
11
13
75
8
92
11
13
75
8
92
11
13
75
8
92
11
13
75
8
92
11
13
75
8
92
11
13
75
8
92
11
13
75
8
92
11
13
75
8
92
11
13
75
8
92
11
13
75
8
92
11
13
75
8
92
11
13
75
8
92
11
13
75
8
92
11
13
75
8
92
11
13
75
8
92
11
13
75
8
92
11
13
75
8
92
11
13
75
8
92
11
13
75
8
92
11
13
75
8
92
11
13
75
8
92
11
13
75
8
92
11
13
75
8
92
11
13
75
8
92
11
13
75
8
92
11
13
75
