2
10
9
8
11
2
10
9
8
11
2
10
9
8
11
2
10
9
8
11
2
10
9
8
11
2
10
9
8
11
2
10
9
8
11
2
10
9
8
11
2
10
9
8
11
2
10
9
8
11
2
10
9
8
11
2
10
9
8
11
2
10
9
8
11
2
10
9
8
11
2
10
9
8
11
2
10
9
8
11
2
10
9
8
11
2
10
9
8
11
2
10
9
8
11
2
10
9
8
11
2
10
9
8
11
2
10
9
8
11
2
10
9
8
11
2
10
9
8
11
2
10
9
8
11
2
10
9
8
11
2
10
9
8
11
2
10
9
8
11
2
10
9
8
11
2
10
9
8
11
2
10
9
8
11
2
10
9
8
11
2
10
9
8
11
2
10
9
8
11
2
10
9
8
11
2
10
9
8
11
2
10
9
8
11
2
10
9
8
11
2
10
9
8
11
2
10
9
8
11
2
10
9
8
11
2
10
9
8
11
2
10
9
8
11
2
10
9
8
11
2
10
9
8
11
2
10
9
8
11
2
10
9
8
11
2
10
9
8
11
2
10
9
8
11
2
10
9
8
11
