2
8
19
10
75
2
8
19
10
75
2
8
19
10
75
2
8
19
10
75
2
8
19
10
75
2
8
19
10
75
2
8
19
10
75
2
8
19
10
75
2
8
19
10
75
2
8
19
10
75
2
8
19
10
75
2
8
19
10
75
2
8
19
10
75
2
8
19
10
75
2
8
19
10
75
2
8
19
10
75
2
8
19
10
75
2
8
19
10
75
2
8
19
10
75
2
8
19
10
75
2
8
19
10
75
2
8
19
10
75
2
8
19
10
75
2
8
19
10
75
2
8
19
10
75
2
8
19
10
75
2
8
19
10
75
2
8
19
10
75
2
8
19
10
75
2
8
19
10
75
2
8
19
10
75
2
8
19
10
75
2
8
19
10
75
2
8
19
10
75
2
8
19
10
75
2
8
19
10
75
2
8
19
10
75
2
8
19
10
75
2
8
19
10
75
2
8
19
10
75
2
8
19
10
75
2
8
19
10
75
2
8
19
10
75
2
8
19
10
75
2
8
19
10
75
2
8
19
10
75
2
8
19
10
75
2
8
19
10
75
2
8
19
10
75
2
8
19
10
75
