92
2
8
33
48
92
2
8
33
48
92
2
8
33
48
92
2
8
33
48
92
2
8
33
48
92
2
8
33
48
92
2
8
33
48
92
2
8
33
48
92
2
8
33
48
92
2
8
33
48
92
2
8
33
48
92
2
8
33
48
92
2
8
33
48
92
2
8
33
48
92
2
8
33
48
92
2
8
33
48
92
2
8
33
48
92
2
8
33
48
92
2
8
33
48
92
2
8
33
48
92
2
8
33
48
92
2
8
33
48
92
2
8
33
48
92
2
8
33
48
92
2
8
33
48
92
2
8
33
48
92
2
8
33
48
92
2
8
33
48
92
2
8
33
48
92
2
8
33
48
92
2
8
33
48
92
2
8
33
48
92
2
8
33
48
92
2
8
33
48
92
2
8
33
48
92
2
8
33
48
92
2
8
33
48
92
2
8
33
48
92
2
8
33
48
92
2
8
33
48
92
2
8
33
48
92
2
8
33
48
92
2
8
33
48
92
2
8
33
48
92
2
8
33
48
92
2
8
33
48
92
2
8
33
48
92
2
8
33
48
92
2
8
33
48
92
2
8
33
48
