10
91
2
92
13
33
92
72
9
10
9
0
17
75
2
13
0
2
9
75
0
13
91
88
17
8
11
0
13
10
2
9
0
13
92
25
0
91
75
10
72
8
9
75
2
0
17
33
72
8
91
10
9
75
8
92
33
88
0
17
33
0
72
25
13
9
33
2
72
17
33
92
17
9
72
11
88
72
75
91
2
33
91
10
17
88
25
17
8
9
33
88
10
25
92
72
33
17
8
92
88
13
17
9
75
91
11
8
10
75
10
8
75
92
2
91
10
75
92
88
25
92
33
8
91
33
13
72
75
92
10
72
2
25
8
13
17
72
0
11
9
17
0
91
25
75
17
10
2
33
72
33
11
92
2
75
13
8
88
91
13
8
92
10
25
72
75
0
91
25
173
176
163
97
66
194
66
199
28
153
2
10
9
33
92
2
10
9
33
92
2
10
17
33
9
2
10
17
33
9
44
45
90
44
128
45
45
62
196
28
179
189
21
21
199
133
77
80
188
102
116
161
179
61
35
194
181
71
174
98
0
123
44
121
56
94
113
24
135
111
119
146
94
153
20
71
62
94
127
86
