112
39
56
122
16
112
39
56
122
16
112
39
56
122
16
112
39
56
122
16
112
39
56
122
16
112
39
56
122
16
112
39
56
122
16
112
39
56
122
16
112
39
56
122
16
112
39
56
122
16
112
39
56
122
16
112
39
56
122
16
112
39
56
122
16
112
39
56
122
16
112
39
56
122
16
112
39
56
122
16
112
39
56
122
16
112
39
56
122
16
112
39
56
122
16
112
39
56
122
16
112
39
56
122
16
112
39
56
122
16
112
39
56
122
16
112
39
56
122
16
112
39
56
122
16
112
39
56
122
16
112
39
56
122
16
112
39
56
122
16
112
39
56
122
16
112
39
56
122
16
112
39
56
122
16
112
39
56
122
16
112
39
56
122
16
112
39
56
122
16
112
39
56
122
16
112
39
56
122
16
112
39
56
122
16
112
39
56
122
16
112
39
56
122
16
112
39
56
122
16
112
39
56
122
16
112
39
56
122
16
112
39
56
122
16
112
39
56
122
16
112
39
56
122
16
112
39
56
122
16
112
39
56
122
16
112
39
56
122
16
112
39
56
122
16
112
39
56
122
16
