75
92
11
2
8
75
92
11
2
8
8
17
2
33
11
8
17
2
33
11
11
10
91
33
9
11
10
91
33
9
10
2
9
8
91
10
2
9
8
91
33
10
11
9
2
33
10
11
9
2
75
8
92
17
33
75
8
92
17
33
33
2
9
10
11
33
2
9
10
11
92
17
91
8
11
92
17
91
8
11
9
11
33
2
92
9
11
33
2
92
92
91
9
10
2
92
91
9
10
2
75
9
10
91
2
75
9
10
91
2
9
75
2
17
33
9
75
2
17
33
92
11
75
10
8
92
11
75
10
8
2
75
8
17
33
2
75
8
17
33
75
92
17
91
2
75
92
17
91
2
92
10
17
8
91
92
10
17
8
91
8
75
92
17
2
8
75
92
17
2
9
2
10
17
91
9
2
10
17
91
8
17
33
9
10
8
17
33
9
10
33
75
11
92
8
33
75
11
92
8
33
91
8
92
9
33
91
8
92
9
17
9
75
33
2
17
9
75
33
2
8
11
2
92
10
8
11
2
92
10
9
92
8
75
10
9
92
8
75
10
2
92
75
33
9
2
92
75
33
9
