2
92
91
17
11
33
17
91
92
11
33
91
75
92
17
33
17
11
91
75
2
91
17
92
11
10
11
91
75
92
9
91
75
11
92
10
92
75
17
91
2
75
17
11
92
10
75
91
92
17
33
92
75
11
91
10
91
92
11
17
10
75
11
92
91
10
17
11
75
91
10
92
11
91
75
9
17
92
11
75
33
17
92
75
11
10
75
17
91
11
10
92
17
91
11
10
11
92
91
75
9
91
11
92
17
33
92
91
11
17
33
11
75
92
91
33
11
91
75
92
10
92
11
75
17
8
92
17
75
91
8
11
92
91
75
10
91
92
11
17
9
17
75
92
91
9
11
92
91
17
8
11
91
75
17
2
17
92
75
11
8
91
92
11
75
9
91
92
75
17
9
11
17
75
91
33
17
75
92
11
9
91
75
11
92
2
11
75
91
92
9
11
92
91
17
2
92
91
11
17
8
11
91
75
17
2
11
92
91
17
2
92
11
91
75
10
75
91
11
17
9
75
17
92
91
8
75
11
92
17
9
17
11
92
75
2
75
92
11
17
8
92
11
91
75
10
75
91
11
92
