2
10
11
16
75
10
11
13
56
92
8
10
11
17
75
2
9
10
17
25
4
10
17
75
92
0
8
10
50
92
2
8
9
17
92
2
8
11
17
33
2
8
17
60
72
0
2
6
8
91
2
8
13
33
56
0
2
9
10
33
0
2
10
17
91
2
10
17
60
91
2
9
13
17
75
8
9
10
13
33
0
2
8
10
91
10
11
25
33
92
0
2
8
10
16
0
2
10
11
17
8
9
10
17
75
4
9
10
50
91
2
10
11
75
91
0
4
10
33
56
0
2
4
17
33
2
9
10
25
92
2
8
9
13
16
2
6
9
16
75
2
8
17
77
91
2
10
16
75
92
2
8
33
56
60
8
9
10
17
91
2
9
10
17
56
9
10
17
33
60
4
9
10
33
60
2
6
10
11
60
9
10
33
50
92
2
10
17
33
60
10
11
16
75
92
2
16
75
91
92
2
9
10
13
92
0
2
10
72
92
2
9
10
17
92
2
10
17
33
92
2
10
16
17
60
2
9
33
77
92
9
10
16
17
25
2
8
10
17
33
2
10
17
33
91
9
10
25
33
92
