139
5
184
47
89
61
162
121
103
91
127
195
157
141
122
132
10
166
154
157
173
184
58
135
196
199
166
8
51
23
92
3
90
137
24
122
1
64
88
70
30
180
125
84
85
83
6
58
11
84
53
28
20
134
115
115
55
125
16
147
85
106
56
122
151
47
151
197
166
3
3
18
93
19
6
78
56
194
127
186
96
192
46
196
143
184
179
10
168
113
7
118
149
30
124
58
185
73
71
187
43
62
180
120
161
63
86
71
18
39
175
28
159
92
0
152
172
22
99
8
10
98
193
150
121
48
0
42
64
173
79
52
163
153
125
130
174
138
185
95
34
22
137
83
87
178
165
74
3
160
171
16
197
19
5
115
14
19
195
101
156
149
135
157
103
118
3
45
66
120
18
169
197
78
138
4
144
130
125
30
168
125
173
105
19
142
66
84
35
85
142
144
82
32
70
9
75
144
12
50
191
46
41
76
174
71
193
196
165
42
81
95
123
142
9
149
53
58
145
78
139
185
87
178
84
85
192
167
1
5
7
168
170
153
0
198
124
26
199
138
88
27
85
3
174
11
56
19
33
182
