8
11
91
10
92
11
91
33
92
10
33
9
75
11
2
2
8
11
92
9
11
91
2
10
33
17
92
8
11
9
91
2
33
8
10
10
2
17
33
75
17
33
9
2
92
75
33
92
91
11
10
92
2
9
91
11
91
9
2
10
8
91
11
92
33
91
9
10
8
33
10
91
33
8
9
11
17
10
75
2
91
8
2
9
33
9
33
11
75
92
92
8
91
9
33
9
8
10
33
92
9
75
8
17
11
91
9
75
92
17
9
33
17
91
75
8
2
17
10
75
92
75
8
17
9
91
17
11
92
75
91
92
33
11
2
91
9
11
33
17
8
2
92
33
91
9
17
92
33
8
10
75
8
11
91
17
75
33
11
91
8
2
33
11
92
2
17
33
75
92
91
33
9
8
75
33
91
11
92
10
8
91
11
17
33
33
10
92
8
2
92
9
8
33
2
75
2
17
10
91
10
91
8
75
9
17
11
2
10
75
8
91
33
17
92
11
33
92
91
9
9
91
2
92
17
10
11
9
17
33
8
11
9
17
2
33
9
8
2
75
75
2
91
11
9
8
9
11
75
92
