1865
1879
1872
1876
1864
1007
1873
1877
1868
1863
1875
1869
1870
1878
1874
1871
1867
1866
1861
1862
1865
1879
1872
1876
1864
1007
1873
1877
1868
1863
1875
1869
1870
1878
1874
1871
1867
1866
1861
1862
1865
1879
1872
1876
1864
1007
1873
1877
1868
1863
1875
1869
1870
1878
1874
1871
1867
1866
1861
1862
1865
1879
1872
1876
1864
1007
1873
1877
1868
1863
1875
1869
1870
1878
1874
1871
1867
1866
1861
1862
1865
1879
1872
1876
1864
1007
1873
1877
1868
1863
1875
1869
1870
1878
1874
1871
1867
1866
1861
1862
1865
1879
1872
1876
1864
1007
1873
1877
1868
1863
1875
1869
1870
1878
1874
1871
1867
1866
1861
1862
1865
1879
1872
1876
1864
1007
1873
1877
1868
1863
1875
1869
1870
1878
1874
1871
1867
1866
1861
1862
1865
1879
1872
1876
1864
1007
1873
1877
1868
1863
1875
1869
1870
1878
1874
1871
1867
1866
1861
1862
1865
1879
1872
1876
1864
1007
1873
1877
1868
1863
1875
1869
1870
1878
1874
1871
1867
1866
1861
1862
1865
1879
1872
1876
1864
1007
1873
1877
1868
1863
1875
1869
1870
1878
1874
1871
1867
1866
1861
1862
1865
1879
1872
1876
1864
1007
1873
1877
1868
1863
1875
1869
1870
1878
1874
1871
1867
1866
1861
1862
1865
1879
1872
1876
1864
1007
1873
1877
1868
1863
1875
1869
1870
1878
1874
1871
1867
1866
1861
1862
1865
1879
1872
1876
1864
1007
1873
1877
1868
1863
1875
1869
1870
1878
1874
1871
1867
1866
1861
1862
1865
1879
1872
1876
1864
1007
1873
1877
1868
1863
1875
1869
1870
1878
1874
1871
1867
1866
1861
1862
1865
1879
1872
1876
1864
1007
1873
1877
1868
1863
1875
1869
1870
1878
1874
1871
1867
1866
1861
1862
1865
1879
1872
1876
1864
1007
1873
1877
1868
1863
1875
1869
1870
1878
1874
1871
1867
1866
1861
1862
1865
1879
1872
1876
1864
1007
1873
1877
1868
1863
1875
1869
1870
1878
1874
1871
1867
1866
1861
1862
1865
1879
1872
1876
1864
1007
1873
1877
1868
1863
1875
1869
1870
1878
1874
1871
1867
1866
1861
1862
1865
1879
1872
1876
1864
1007
1873
1877
1868
1863
1875
1869
1870
1878
1874
1871
1867
1866
1861
1862
1865
1879
1872
1876
1864
1007
1873
1877
1868
1863
1875
1869
1870
1878
1874
1871
1867
1866
1861
1862
1865
1879
1872
1876
1864
1007
1873
1877
1868
1863
1875
1869
1870
1878
1874
1871
1867
1866
1861
1862
1865
1879
1872
1876
1864
1007
1873
1877
1868
1863
1875
1869
1870
1878
1874
1871
1867
1866
1861
1862
1865
1879
1872
1876
1864
1007
1873
1877
1868
1863
1875
1869
1870
1878
1874
1871
1867
1866
1861
1862
1865
1879
1872
1876
1864
1007
1873
1877
1868
1863
1875
1869
1870
1878
1874
1871
1867
1866
1861
1862
1865
1879
1872
1876
1864
1007
1873
1877
1868
1863
1875
1869
1870
1878
1874
1871
1867
1866
1861
1862
1865
1879
1872
1876
1864
1007
1873
1877
1868
1863
1875
1869
1870
1878
1874
1871
1867
1866
1861
1862
1865
1879
1872
1876
1864
1007
1873
1877
1868
1863
1875
1869
1870
1878
1874
1871
1867
1866
1861
1862
1865
1879
1872
1876
1864
1007
1873
1877
1868
1863
1875
1869
1870
1878
1874
1871
1867
1866
1861
1862
1865
1879
1872
1876
1864
1007
1873
1877
1868
1863
1875
1869
1870
1878
1874
1871
1867
1866
1861
1862
1865
1879
1872
1876
1864
1007
1873
1877
1868
1863
1875
1869
1870
1878
1874
1871
1867
1866
1861
1862
1865
1879
1872
1876
1864
1007
1873
1877
1868
1863
1875
1869
1870
1878
1874
1871
1867
1866
1861
1862
1865
1879
1872
1876
1864
1007
1873
1877
1868
1863
1875
1869
1870
1878
1874
1871
1867
1866
1861
1862
1865
1879
1872
1876
1864
1007
1873
1877
1868
1863
1875
1869
1870
1878
1874
1871
1867
1866
1861
1862
1865
1879
1872
1876
1864
1007
1873
1877
1868
1863
1875
1869
1870
1878
1874
1871
1867
1866
1861
1862
1865
1879
1872
1876
1864
1007
1873
1877
1868
1863
1875
1869
1870
1878
1874
1871
1867
1866
1861
1862
1865
1879
1872
1876
1864
1007
1873
1877
1868
1863
1875
1869
1870
1878
1874
1871
1867
1866
1861
1862
1865
1879
1872
1876
1864
1007
1873
1877
1868
1863
1875
1869
1870
1878
1874
1871
1867
1866
1861
1862
1865
1879
1872
1876
1864
1007
1873
1877
1868
1863
1875
1869
1870
1878
1874
1871
1867
1866
1861
1862
1865
1879
1872
1876
1864
1007
1873
1877
1868
1863
1875
1869
1870
1878
1874
1871
1867
1866
1861
1862
1865
1879
1872
1876
1864
1007
1873
1877
1868
1863
1875
1869
1870
1878
1874
1871
1867
1866
1861
1862
1865
1879
1872
1876
1864
1007
1873
1877
1868
1863
1875
1869
1870
1878
1874
1871
1867
1866
1861
1862
1865
1879
1872
1876
1864
1007
1873
1877
1868
1863
1875
1869
1870
1878
1874
1871
1867
1866
1861
1862
1865
1879
1872
1876
1864
1007
1873
1877
1868
1863
1875
1869
1870
1878
1874
1871
1867
1866
1861
1862
1865
1879
1872
1876
1864
1007
1873
1877
1868
1863
1875
1869
1870
1878
1874
1871
1867
1866
1861
1862
1865
1879
1872
1876
1864
1007
1873
1877
1868
1863
1875
1869
1870
1878
1874
1871
1867
1866
1861
1862
1865
1879
1872
1876
1864
1007
1873
1877
1868
1863
1875
1869
1870
1878
1874
1871
1867
1866
1861
1862
1865
1879
1872
1876
1864
1007
1873
1877
1868
1863
1875
1869
1870
1878
1874
1871
1867
1866
1861
1862
1865
1879
1872
1876
1864
1007
1873
1877
1868
1863
1875
1869
1870
1878
1874
1871
1867
1866
1861
1862
1865
1879
1872
1876
1864
1007
1873
1877
1868
1863
1875
1869
1870
1878
1874
1871
1867
1866
1861
1862
1865
1879
1872
1876
1864
1007
1873
1877
1868
1863
1875
1869
1870
1878
1874
1871
1867
1866
1861
1862
