1994
1948
1996
1
1884
1895
1951
1997
1976
0
1950
1998
1880
1995
1977
1307
1949
1999
1881
1952
1994
1948
1996
1
1884
1895
1951
1997
1976
0
1950
1998
1880
1995
1977
1307
1949
1999
1881
1952
1994
1948
1996
1
1884
1895
1951
1997
1976
0
1950
1998
1880
1995
1977
1307
1949
1999
1881
1952
1994
1948
1996
1
1884
1895
1951
1997
1976
0
1950
1998
1880
1995
1977
1307
1949
1999
1881
1952
1994
1948
1996
1
1884
1895
1951
1997
1976
0
1950
1998
1880
1995
1977
1307
1949
1999
1881
1952
1994
1948
1996
1
1884
1895
1951
1997
1976
0
1950
1998
1880
1995
1977
1307
1949
1999
1881
1952
1994
1948
1996
1
1884
1895
1951
1997
1976
0
1950
1998
1880
1995
1977
1307
1949
1999
1881
1952
1994
1948
1996
1
1884
1895
1951
1997
1976
0
1950
1998
1880
1995
1977
1307
1949
1999
1881
1952
1994
1948
1996
1
1884
1895
1951
1997
1976
0
1950
1998
1880
1995
1977
1307
1949
1999
1881
1952
1994
1948
1996
1
1884
1895
1951
1997
1976
0
1950
1998
1880
1995
1977
1307
1949
1999
1881
1952
1994
1948
1996
1
1884
1895
1951
1997
1976
0
1950
1998
1880
1995
1977
1307
1949
1999
1881
1952
1994
1948
1996
1
1884
1895
1951
1997
1976
0
1950
1998
1880
1995
1977
1307
1949
1999
1881
1952
1994
1948
1996
1
1884
1895
1951
1997
1976
0
1950
1998
1880
1995
1977
1307
1949
1999
1881
1952
1994
1948
1996
1
1884
1895
1951
1997
1976
0
1950
1998
1880
1995
1977
1307
1949
1999
1881
1952
1994
1948
1996
1
1884
1895
1951
1997
1976
0
1950
1998
1880
1995
1977
1307
1949
1999
1881
1952
1994
1948
1996
1
1884
1895
1951
1997
1976
0
1950
1998
1880
1995
1977
1307
1949
1999
1881
1952
1994
1948
1996
1
1884
1895
1951
1997
1976
0
1950
1998
1880
1995
1977
1307
1949
1999
1881
1952
1994
1948
1996
1
1884
1895
1951
1997
1976
0
1950
1998
1880
1995
1977
1307
1949
1999
1881
1952
1994
1948
1996
1
1884
1895
1951
1997
1976
0
1950
1998
1880
1995
1977
1307
1949
1999
1881
1952
1994
1948
1996
1
1884
1895
1951
1997
1976
0
1950
1998
1880
1995
1977
1307
1949
1999
1881
1952
1994
1948
1996
1
1884
1895
1951
1997
1976
0
1950
1998
1880
1995
1977
1307
1949
1999
1881
1952
1994
1948
1996
1
1884
1895
1951
1997
1976
0
1950
1998
1880
1995
1977
1307
1949
1999
1881
1952
1994
1948
1996
1
1884
1895
1951
1997
1976
0
1950
1998
1880
1995
1977
1307
1949
1999
1881
1952
1994
1948
1996
1
1884
1895
1951
1997
1976
0
1950
1998
1880
1995
1977
1307
1949
1999
1881
1952
1994
1948
1996
1
1884
1895
1951
1997
1976
0
1950
1998
1880
1995
1977
1307
1949
1999
1881
1952
1994
1948
1996
1
1884
1895
1951
1997
1976
0
1950
1998
1880
1995
1977
1307
1949
1999
1881
1952
1994
1948
1996
1
1884
1895
1951
1997
1976
0
1950
1998
1880
1995
1977
1307
1949
1999
1881
1952
1994
1948
1996
1
1884
1895
1951
1997
1976
0
1950
1998
1880
1995
1977
1307
1949
1999
1881
1952
1994
1948
1996
1
1884
1895
1951
1997
1976
0
1950
1998
1880
1995
1977
1307
1949
1999
1881
1952
1994
1948
1996
1
1884
1895
1951
1997
1976
0
1950
1998
1880
1995
1977
1307
1949
1999
1881
1952
1994
1948
1996
1
1884
1895
1951
1997
1976
0
1950
1998
1880
1995
1977
1307
1949
1999
1881
1952
1994
1948
1996
1
1884
1895
1951
1997
1976
0
1950
1998
1880
1995
1977
1307
1949
1999
1881
1952
1994
1948
1996
1
1884
1895
1951
1997
1976
0
1950
1998
1880
1995
1977
1307
1949
1999
1881
1952
1994
1948
1996
1
1884
1895
1951
1997
1976
0
1950
1998
1880
1995
1977
1307
1949
1999
1881
1952
1994
1948
1996
1
1884
1895
1951
1997
1976
0
1950
1998
1880
1995
1977
1307
1949
1999
1881
1952
1994
1948
1996
1
1884
1895
1951
1997
1976
0
1950
1998
1880
1995
1977
1307
1949
1999
1881
1952
1994
1948
1996
1
1884
1895
1951
1997
1976
0
1950
1998
1880
1995
1977
1307
1949
1999
1881
1952
1994
1948
1996
1
1884
1895
1951
1997
1976
0
1950
1998
1880
1995
1977
1307
1949
1999
1881
1952
1994
1948
1996
1
1884
1895
1951
1997
1976
0
1950
1998
1880
1995
1977
1307
1949
1999
1881
1952
1994
1948
1996
1
1884
1895
1951
1997
1976
0
1950
1998
1880
1995
1977
1307
1949
1999
1881
1952
1994
1948
1996
1
1884
1895
1951
1997
1976
0
1950
1998
1880
1995
1977
1307
1949
1999
1881
1952
1994
1948
1996
1
1884
1895
1951
1997
1976
0
1950
1998
1880
1995
1977
1307
1949
1999
1881
1952
1994
1948
1996
1
1884
1895
1951
1997
1976
0
1950
1998
1880
1995
1977
1307
1949
1999
1881
1952
1994
1948
1996
1
1884
1895
1951
1997
1976
0
1950
1998
1880
1995
1977
1307
1949
1999
1881
1952
1994
1948
1996
1
1884
1895
1951
1997
1976
0
1950
1998
1880
1995
1977
1307
1949
1999
1881
1952
1994
1948
1996
1
1884
1895
1951
1997
1976
0
1950
1998
1880
1995
1977
1307
1949
1999
1881
1952
1994
1948
1996
1
1884
1895
1951
1997
1976
0
1950
1998
1880
1995
1977
1307
1949
1999
1881
1952
1994
1948
1996
1
1884
1895
1951
1997
1976
0
1950
1998
1880
1995
1977
1307
1949
1999
1881
1952
1994
1948
1996
1
1884
1895
1951
1997
1976
0
1950
1998
1880
1995
1977
1307
1949
1999
1881
1952
1994
1948
1996
1
1884
1895
1951
1997
1976
0
1950
1998
1880
1995
1977
1307
1949
1999
1881
1952
