2
107
23
55
109
6
163
145
22
148
2
107
23
55
109
6
163
145
22
148
2
107
23
55
109
6
163
145
22
148
2
107
23
55
109
6
163
145
22
148
2
107
23
55
109
6
163
145
22
148
2
107
23
55
109
6
163
145
22
148
2
107
23
55
109
6
163
145
22
148
2
107
23
55
109
6
163
145
22
148
2
107
23
55
109
6
163
145
22
148
2
107
23
55
109
6
163
145
22
148
2
107
23
55
109
6
163
145
22
148
2
107
23
55
109
6
163
145
22
148
2
107
23
55
109
6
163
145
22
148
2
107
23
55
109
6
163
145
22
148
2
107
23
55
109
6
163
145
22
148
2
107
23
55
109
6
163
145
22
148
2
107
23
55
109
6
163
145
22
148
2
107
23
55
109
6
163
145
22
148
2
107
23
55
109
6
163
145
22
148
2
107
23
55
109
6
163
145
22
148
2
107
23
55
109
6
163
145
22
148
2
107
23
55
109
6
163
145
22
148
2
107
23
55
109
6
163
145
22
148
2
107
23
55
109
6
163
145
22
148
2
107
23
55
109
6
163
145
22
148
2
107
23
55
109
6
163
145
22
148
2
107
23
55
109
6
163
145
22
148
2
107
23
55
109
6
163
145
22
148
2
107
23
55
109
6
163
145
22
148
2
107
23
55
109
6
163
145
22
148
2
107
23
55
109
6
163
145
22
148
2
107
23
55
109
6
163
145
22
148
2
107
23
55
109
6
163
145
22
148
2
107
23
55
109
6
163
145
22
148
2
107
23
55
109
6
163
145
22
148
2
107
23
55
109
6
163
145
22
148
2
107
23
55
109
6
163
145
22
148
2
107
23
55
109
6
163
145
22
148
2
107
23
55
109
6
163
145
22
148
2
107
23
55
109
6
163
145
22
148
2
107
23
55
109
6
163
145
22
148
2
107
23
55
109
6
163
145
22
148
2
107
23
55
109
6
163
145
22
148
2
107
23
55
109
6
163
145
22
148
2
107
23
55
109
6
163
145
22
148
2
107
23
55
109
6
163
145
22
148
2
107
23
55
109
6
163
145
22
148
2
107
23
55
109
6
163
145
22
148
2
107
23
55
109
6
163
145
22
148
2
107
23
55
109
6
163
145
22
148
