142
285
188
67
359
282
113
199
90
330
142
285
188
67
359
282
113
199
90
330
142
285
188
67
359
282
113
199
90
330
142
285
188
67
359
282
113
199
90
330
142
285
188
67
359
282
113
199
90
330
142
285
188
67
359
282
113
199
90
330
142
285
188
67
359
282
113
199
90
330
142
285
188
67
359
282
113
199
90
330
142
285
188
67
359
282
113
199
90
330
142
285
188
67
359
282
113
199
90
330
142
285
188
67
359
282
113
199
90
330
142
285
188
67
359
282
113
199
90
330
142
285
188
67
359
282
113
199
90
330
142
285
188
67
359
282
113
199
90
330
142
285
188
67
359
282
113
199
90
330
142
285
188
67
359
282
113
199
90
330
142
285
188
67
359
282
113
199
90
330
142
285
188
67
359
282
113
199
90
330
142
285
188
67
359
282
113
199
90
330
142
285
188
67
359
282
113
199
90
330
142
285
188
67
359
282
113
199
90
330
142
285
188
67
359
282
113
199
90
330
142
285
188
67
359
282
113
199
90
330
142
285
188
67
359
282
113
199
90
330
142
285
188
67
359
282
113
199
90
330
142
285
188
67
359
282
113
199
90
330
142
285
188
67
359
282
113
199
90
330
142
285
188
67
359
282
113
199
90
330
142
285
188
67
359
282
113
199
90
330
142
285
188
67
359
282
113
199
90
330
142
285
188
67
359
282
113
199
90
330
142
285
188
67
359
282
113
199
90
330
142
285
188
67
359
282
113
199
90
330
142
285
188
67
359
282
113
199
90
330
142
285
188
67
359
282
113
199
90
330
142
285
188
67
359
282
113
199
90
330
142
285
188
67
359
282
113
199
90
330
142
285
188
67
359
282
113
199
90
330
142
285
188
67
359
282
113
199
90
330
142
285
188
67
359
282
113
199
90
330
142
285
188
67
359
282
113
199
90
330
142
285
188
67
359
282
113
199
90
330
142
285
188
67
359
282
113
199
90
330
142
285
188
67
359
282
113
199
90
330
142
285
188
67
359
282
113
199
90
330
142
285
188
67
359
282
113
199
90
330
142
285
188
67
359
282
113
199
90
330
142
285
188
67
359
282
113
199
90
330
142
285
188
67
359
282
113
199
90
330
142
285
188
67
359
282
113
199
90
330
