21
51
43
24
33
21
51
43
24
33
21
51
43
24
33
21
51
43
24
33
21
51
43
24
33
21
51
43
24
33
21
51
43
24
33
21
51
43
24
33
21
51
43
24
33
21
51
43
24
33
21
51
43
24
33
21
51
43
24
33
21
51
43
24
33
21
51
43
24
33
21
51
43
24
33
21
51
43
24
33
21
51
43
24
33
21
51
43
24
33
21
51
43
24
33
21
51
43
24
33
21
51
43
24
33
21
51
43
24
33
21
51
43
24
33
21
51
43
24
33
21
51
43
24
33
21
51
43
24
33
21
51
43
24
33
21
51
43
24
33
21
51
43
24
33
21
51
43
24
33
21
51
43
24
33
21
51
43
24
33
21
51
43
24
33
21
51
43
24
33
21
51
43
24
33
21
51
43
24
33
21
51
43
24
33
21
51
43
24
33
21
51
43
24
33
21
51
43
24
33
21
51
43
24
33
21
51
43
24
33
21
51
43
24
33
21
51
43
24
33
21
51
43
24
33
21
51
43
24
33
21
51
43
24
33
21
51
43
24
33
21
51
43
24
33
21
51
43
24
33
