23
71
4
24
40
13
51
4
40
24
3
71
40
24
51
3
51
4
40
71
13
4
51
71
40
13
4
71
24
51
3
40
4
24
71
23
24
4
40
51
30
51
40
71
24
3
40
4
51
71
23
51
71
24
4
30
40
4
71
24
11
4
51
40
71
3
51
4
71
40
30
24
4
40
71
11
40
24
4
51
30
4
24
71
40
3
24
40
51
71
11
24
71
4
40
11
71
4
24
40
13
4
51
24
40
3
51
71
24
4
30
40
4
51
71
30
51
40
4
24
30
4
51
71
40
11
24
71
40
4
23
4
24
71
40
23
4
71
24
51
13
71
24
51
40
23
51
4
40
24
30
40
71
51
4
3
71
4
40
24
30
24
71
51
40
23
40
24
71
4
11
51
4
40
24
23
51
40
71
4
30
4
40
71
24
3
24
4
71
51
23
71
51
4
24
11
40
4
51
24
11
24
71
51
4
11
24
40
4
51
30
24
40
4
71
23
4
51
24
40
23
40
71
24
51
30
71
24
4
40
11
24
4
71
40
3
71
24
51
4
11
71
51
4
24
11
51
71
4
40
