2
30
51
33
1
2
30
51
33
1
2
30
51
33
1
2
30
51
33
1
2
30
51
33
1
2
30
51
33
1
2
30
51
33
1
2
30
51
33
1
2
30
51
33
1
2
30
51
33
1
2
30
51
33
1
2
30
51
33
1
2
30
51
33
1
2
30
51
33
1
2
30
51
33
1
2
30
51
33
1
2
30
51
33
1
2
30
51
33
1
2
30
51
33
1
2
30
51
33
1
2
30
51
33
1
2
30
51
33
1
2
30
51
33
1
2
30
51
33
1
2
30
51
33
1
2
30
51
33
1
2
30
51
33
1
2
30
51
33
1
2
30
51
33
1
2
30
51
33
1
2
30
51
33
1
2
30
51
33
1
2
30
51
33
1
2
30
51
33
1
2
30
51
33
1
2
30
51
33
1
2
30
51
33
1
2
30
51
33
1
2
30
51
33
1
2
30
51
33
1
2
30
51
33
1
2
30
51
33
1
2
30
51
33
1
2
30
51
33
1
2
30
51
33
1
2
30
51
33
1
2
30
51
33
1
2
30
51
33
1
2
30
51
33
1
2
30
51
33
1
