13
11
23
43
24
13
11
23
43
24
13
11
23
43
24
13
11
23
43
24
13
11
23
43
24
13
11
23
43
24
13
11
23
43
24
13
11
23
43
24
13
11
23
43
24
13
11
23
43
24
13
11
23
43
24
13
11
23
43
24
13
11
23
43
24
13
11
23
43
24
13
11
23
43
24
13
11
23
43
24
13
11
23
43
24
13
11
23
43
24
13
11
23
43
24
13
11
23
43
24
13
11
23
43
24
13
11
23
43
24
13
11
23
43
24
13
11
23
43
24
13
11
23
43
24
13
11
23
43
24
13
11
23
43
24
13
11
23
43
24
13
11
23
43
24
13
11
23
43
24
13
11
23
43
24
13
11
23
43
24
13
11
23
43
24
13
11
23
43
24
13
11
23
43
24
13
11
23
43
24
13
11
23
43
24
13
11
23
43
24
13
11
23
43
24
13
11
23
43
24
13
11
23
43
24
13
11
23
43
24
13
11
23
43
24
13
11
23
43
24
13
11
23
43
24
13
11
23
43
24
13
11
23
43
24
13
11
23
43
24
13
11
23
43
24
13
11
23
43
24
