23
30
40
51
43
23
40
13
41
51
11
30
23
3
33
40
11
30
33
3
11
40
13
3
51
40
13
30
33
41
13
30
23
41
43
13
30
23
41
3
11
40
23
3
51
13
23
40
51
43
11
23
30
43
51
30
40
13
3
41
13
11
30
41
43
30
13
23
43
41
13
11
40
33
43
30
23
40
41
33
13
23
30
3
33
40
11
30
43
3
30
13
23
51
33
13
23
30
43
33
23
30
13
33
43
11
13
23
51
3
11
40
13
33
41
13
11
30
3
51
40
11
30
51
43
30
11
40
43
3
11
30
13
33
43
40
13
23
51
43
40
30
11
3
33
30
11
13
43
33
11
13
23
41
43
11
30
40
3
51
13
40
23
41
33
23
40
11
3
41
40
30
11
43
3
40
23
13
51
43
40
23
13
43
51
30
23
11
43
51
23
30
13
51
33
40
30
23
43
51
23
30
11
3
41
30
13
40
51
3
30
11
23
43
41
13
23
11
41
33
23
11
13
41
43
40
30
23
51
33
23
40
11
51
43
13
30
11
51
3
13
23
11
41
51
23
13
40
43
33
