26
99
20
85
38
81
91
23
92
72
28
97
13
93
62
21
31
74
68
44
2
13
17
66
44
91
96
22
23
71
33
97
74
57
29
79
92
55
65
49
56
40
82
42
73
14
96
49
25
60
84
2
4
33
72
72
22
90
83
65
30
70
51
15
58
53
89
99
87
73
26
41
50
95
56
23
50
62
57
48
5
21
72
14
64
0
96
50
4
66
25
27
6
20
74
12
84
8
79
10
41
53
94
2
65
26
41
94
27
54
90
22
94
98
29
10
42
77
56
82
20
96
70
26
75
51
68
61
20
18
15
77
11
16
79
70
68
26
54
0
42
32
16
11
17
25
92
41
29
96
70
77
75
51
96
94
16
4
6
87
43
14
1
9
49
38
86
59
6
5
68
72
20
10
99
91
4
43
6
18
38
20
66
6
33
84
1
27
10
19
18
47
28
94
29
88
57
11
97
62
46
26
24
64
4
91
16
7
43
60
43
84
31
93
64
30
90
10
72
51
27
72
18
22
94
83
14
61
84
51
17
93
33
58
68
86
14
66
4
45
38
70
97
79
88
57
56
40
37
75
