28
40
33
30
1
1
3
51
28
21
3
13
40
39
21
1
40
21
23
3
33
13
43
30
21
11
1
28
21
39
1
21
23
30
43
21
43
13
39
1
13
28
4
43
40
13
23
43
3
39
29
93
19
66
56
74
28
64
95
45
29
35
78
66
19
59
83
20
66
99
82
59
78
88
83
95
29
97
88
26
67
26
19
54
59
74
97
83
76
78
66
28
19
62
78
66
28
19
62
78
66
28
19
62
78
66
28
19
62
78
66
28
19
62
78
66
28
19
62
78
66
28
19
62
78
11
13
30
51
33
11
13
30
51
33
11
13
30
51
33
11
13
30
51
33
11
13
30
51
33
11
13
30
51
33
11
13
30
51
33
11
13
30
51
33
11
13
30
40
23
11
13
30
40
23
96
73
40
72
96
12
66
6
78
79
17
99
4
62
79
79
73
79
8
8
79
99
81
57
79
4
73
9
48
43
68
59
91
46
88
46
20
49
74
94
8
75
16
13
65
8
36
62
92
94
14
50
26
19
45
59
32
47
4
1
80
85
31
33
10
86
18
43
47
54
8
4
95
94
2
