21
51
4
24
39
21
51
4
24
39
21
51
4
24
39
21
51
4
24
39
21
51
4
24
39
21
51
4
24
39
21
51
4
24
39
21
51
4
24
39
21
51
4
24
39
21
51
4
24
39
21
51
4
24
39
21
51
4
24
39
21
51
4
24
39
21
51
4
24
39
21
51
4
24
39
21
51
4
24
39
21
51
4
24
39
21
51
4
24
39
21
51
4
24
39
21
51
4
24
39
21
51
4
24
39
21
51
4
24
39
21
51
4
24
39
21
51
4
24
39
21
51
4
24
39
21
51
4
24
39
21
51
4
24
39
21
51
4
24
39
21
51
4
24
39
21
51
4
24
39
21
51
4
24
39
21
51
4
24
39
21
51
4
24
39
21
51
4
24
39
21
51
4
24
39
21
51
4
24
39
21
51
4
24
39
21
51
4
24
39
21
51
4
24
39
21
51
4
24
39
21
51
4
24
39
21
51
4
24
39
21
51
4
24
39
21
51
4
24
39
21
51
4
24
39
21
51
4
24
39
21
51
4
24
39
21
51
4
24
39
21
51
4
24
39
21
51
4
24
39
