30
39
33
11
57
30
39
33
11
57
30
39
33
11
57
30
39
33
11
57
30
39
33
11
57
30
39
33
11
57
30
39
33
11
57
30
39
33
11
57
30
39
33
11
57
30
39
33
11
57
30
39
33
11
57
30
39
33
11
57
30
39
33
11
57
30
39
33
11
57
30
39
33
11
57
30
39
33
11
57
30
39
33
11
57
30
39
33
11
57
30
39
33
11
57
30
39
33
11
57
30
39
33
11
57
30
39
33
11
57
30
39
33
11
57
30
39
33
11
57
30
39
33
11
57
30
39
33
11
57
30
39
33
11
57
30
39
33
11
57
30
39
33
11
57
30
39
33
11
57
30
39
33
11
57
30
39
33
11
57
30
39
33
11
57
30
39
33
11
57
30
39
33
11
57
30
39
33
11
57
30
39
33
11
57
30
39
33
11
57
30
39
33
11
57
30
39
33
11
57
30
39
33
11
57
30
39
33
11
57
30
39
33
11
57
30
39
33
11
57
30
39
33
11
57
30
39
33
11
57
30
39
33
11
57
30
39
33
11
57
30
39
33
11
57
30
39
33
11
57
