4
10
12
13
16
4
10
12
13
16
4
10
12
13
16
4
10
12
13
16
4
10
12
13
16
4
10
12
13
16
4
10
12
13
16
4
10
12
13
16
4
10
12
13
16
4
10
12
13
16
4
10
12
13
16
4
10
12
13
16
4
10
12
13
16
4
10
12
13
16
4
10
12
13
16
4
10
12
13
16
4
10
12
13
16
4
10
12
13
16
4
10
12
13
16
4
10
12
13
16
4
10
12
13
16
4
10
12
13
16
4
10
12
13
16
4
10
12
13
16
4
10
12
13
16
4
10
12
13
16
4
10
12
13
16
4
10
12
13
16
4
10
12
13
16
4
10
12
13
16
4
10
12
13
16
4
10
12
13
16
4
10
12
13
16
4
10
12
13
16
4
10
12
13
16
4
10
12
13
16
4
10
12
13
16
4
10
12
13
16
4
10
12
13
16
4
10
12
13
16
4
10
12
13
16
4
10
12
13
16
4
10
12
13
16
4
10
12
13
16
4
10
12
13
16
4
10
12
13
16
4
10
12
13
16
4
10
12
13
16
4
10
12
13
16
4
10
12
13
16
