30
51
33
11
23
30
51
33
11
23
11
30
51
33
41
11
30
51
33
41
43
30
11
51
33
43
30
11
51
33
33
11
41
30
51
33
11
41
30
51
23
30
51
33
11
23
30
51
33
11
11
40
13
41
30
11
40
13
41
30
33
11
30
41
51
33
11
30
41
51
41
11
40
23
30
41
11
40
23
30
30
11
51
33
41
30
11
51
33
41
51
23
11
30
33
51
23
11
30
33
51
33
11
41
30
51
33
11
41
30
23
51
33
30
11
23
51
33
30
11
41
11
33
51
30
41
11
33
51
30
33
41
11
30
51
33
41
11
30
51
30
51
41
11
33
30
51
41
11
33
33
51
30
11
41
33
51
30
11
41
33
51
41
11
30
33
51
41
11
30
30
11
33
51
41
30
11
33
51
41
30
41
33
11
51
30
41
33
11
51
51
11
23
33
30
51
11
23
33
30
11
30
41
33
51
11
30
41
33
51
51
11
33
30
40
51
11
33
30
40
33
11
30
51
41
33
11
30
51
41
11
23
33
51
30
11
23
33
51
30
30
51
11
23
33
30
51
11
23
33
