67
20
62
40
25
67
20
62
40
25
67
20
62
40
25
67
20
62
40
25
67
20
62
40
25
67
20
62
40
25
67
20
62
40
25
67
20
62
40
25
67
20
62
40
25
67
20
62
40
25
67
20
62
40
25
67
20
62
40
25
67
20
62
40
25
67
20
62
40
25
67
20
62
40
25
67
20
62
40
25
67
20
62
40
25
67
20
62
40
25
67
20
62
40
25
67
20
62
40
25
67
20
62
40
25
67
20
62
40
25
67
20
62
40
25
67
20
62
40
25
67
20
62
40
25
67
20
62
40
25
67
20
62
40
25
67
20
62
40
25
67
20
62
40
25
67
20
62
40
25
67
20
62
40
25
67
20
62
40
25
67
20
62
40
25
67
20
62
40
25
67
20
62
40
25
67
20
62
40
25
67
20
62
40
25
67
20
62
40
25
67
20
62
40
25
67
20
62
40
25
67
20
62
40
25
67
20
62
40
25
67
20
62
40
25
67
20
62
40
25
67
20
62
40
25
67
20
62
40
25
67
20
62
40
25
67
20
62
40
25
67
20
62
40
25
67
20
62
40
25
