11
30
23
13
33
11
30
23
13
33
11
30
23
13
33
11
30
23
13
33
11
30
23
13
33
11
30
23
13
33
11
30
23
13
33
11
30
23
13
33
11
30
23
13
33
11
30
23
13
33
11
30
23
13
33
11
30
23
13
33
11
30
23
13
33
11
30
23
13
33
11
30
23
13
33
11
30
23
13
33
11
30
23
13
33
11
30
23
13
33
11
30
23
13
33
11
30
23
13
33
11
30
23
13
33
11
30
23
13
33
11
30
23
13
33
11
30
23
13
33
11
30
23
13
33
11
30
23
13
33
11
30
23
13
33
11
30
23
13
33
11
30
23
13
33
11
30
23
13
33
11
30
23
13
33
11
30
23
13
33
11
30
23
13
33
11
30
23
13
33
11
30
23
13
33
11
30
23
13
33
11
30
23
13
33
11
30
23
13
33
11
30
23
13
33
11
30
23
13
33
11
30
23
13
33
11
30
23
13
33
11
30
23
13
33
11
30
23
13
33
11
30
23
13
33
11
30
23
13
33
11
30
23
13
33
11
30
23
13
33
11
30
23
13
33
11
30
23
13
33
